word	n	LineNum	WordCount	SentCount	WordLength	TextType	TextTypeN	Text	syllble	morphology	OLD20	Bigram.Mean
acaba	1	16	200	26	5	nar_T1	nar	T1	3	1	1.9	1209.95275
acaba	1	21	183	30	5	nar_T3	nar	T3	3	1	1.9	1209.95275
açarlar	1	15	172	22	7	inf_T3	inf	T3	3	3	2.65	2816.45683333333
açarlar	1	18	176	23	7	inf_T1	inf	T1	3	3	2.65	2816.45683333333
açarlar	1	18	148	18	7	inf_T2	inf	T2	3	3	2.65	2816.45683333333
açıdan	1	20	172	22	6	inf_T3	inf	T3	3	2	2.3	4099.222
açıldı	1	27	183	30	6	nar_T3	nar	T3	3	3	2.05	1958.4296
açıldı	1	23	200	26	6	nar_T1	nar	T1	3	3	2.05	1958.4296
açılıverdi	1	13	149	18	10	nar_T2	nar	T2	5	4	5.55	1590.91977777778
adeta	1	9	172	22	5	inf_T3	inf	T3	3	1	1.95	3099.07125
adımlarını	1	4	149	18	10	nar_T2	nar	T2	5	4	4.75	1557.92211111111
adımlarını	1	3	200	26	10	nar_T1	nar	T1	5	4	4.75	1557.92211111111
adımlarını	1	4	183	30	10	nar_T3	nar	T3	5	4	4.75	1557.92211111111
ağır	1	9	172	22	4	inf_T3	inf	T3	2	1	1.15	1345.625
ağızları	1	15	148	18	8	inf_T2	inf	T2	4	3	3.3	1595.45242857143
ağızları	1	19	176	23	8	inf_T1	inf	T1	4	3	3.3	1595.45242857143
ağızları	1	17	172	22	8	inf_T3	inf	T3	4	3	3.3	1595.45242857143
ah	1	21	200	26	2	nar_T1	nar	T1	1	1	1	224.524
ah	1	12	149	18	2	nar_T2	nar	T2	1	1	1	224.524
ah	1	25	183	30	2	nar_T3	nar	T3	1	1	1	224.524
akıl	1	12	200	26	4	nar_T1	nar	T1	2	1	1.2	1264.445
akıl	1	14	183	30	4	nar_T3	nar	T3	2	1	1.2	1264.445
akıp	1	12	149	18	4	nar_T2	nar	T2	2	2	1.6	1043.94266666667
akla	1	3	176	23	4	inf_T1	inf	T1	2	2	1	4200.99933333333
akla	1	2	148	18	4	inf_T2	inf	T2	2	2	1	4200.99933333333
algılayıp	1	6	172	22	9	inf_T3	inf	T3	4	2	4.05	3053.90175
algısıyla	1	22	200	26	9	nar_T1	nar	T1	4	3	4.05	1956.353375
alkışladılar	1	17	149	18	12	nar_T2	nar	T2	5	4	5.9	3172.969
almadan	1	12	183	30	7	nar_T3	nar	T3	3	2	2.75	3835.40766666667
almadan	1	10	200	26	7	nar_T1	nar	T1	3	2	2.75	3835.40766666667
alt	1	15	148	18	3	inf_T2	inf	T2	1	1	1.05	7040.939
alt	1	19	176	23	3	inf_T1	inf	T1	1	1	1.05	7040.939
alt	1	15	172	22	3	inf_T3	inf	T3	1	1	1.05	7040.939
altında	1	18	176	23	7	inf_T1	inf	T1	3	3	2.7	5115.46833333333
ama	1	6	148	18	3	inf_T2	inf	T2	2	1	1	4628.7445
ama	1	20	176	23	3	inf_T1	inf	T1	2	1	1	4628.7445
ama	1	13	200	26	3	nar_T1	nar	T1	2	1	1	4628.7445
ama	1	10	149	18	3	nar_T2	nar	T2	2	1	1	4628.7445
ama	1	14	200	26	3	nar_T1	nar	T1	2	1	1	4628.7445
amacıyla	1	7	172	22	8	inf_T3	inf	T3	4	2	3.45	1492.11528571429
anaları	1	20	172	22	7	inf_T3	inf	T3	4	3	2.8	5402.09516666667
analarına	1	21	176	23	9	inf_T1	inf	T1	5	4	3.85	4077.801875
ancak	1	4	176	23	5	inf_T1	inf	T1	2	1	1.85	5803.2325
ancak	1	3	148	18	5	inf_T2	inf	T2	2	1	1.85	5803.2325
ancak	1	10	172	22	5	inf_T3	inf	T3	2	1	1.85	5803.2325
aniden	1	23	200	26	6	nar_T1	nar	T1	3	2	2.3	3791.7594
anlarda	1	11	148	18	7	inf_T2	inf	T2	3	3	2.65	6929.72966666667
anlarda	1	7	176	23	7	inf_T1	inf	T1	3	3	2.65	6929.72966666667
annesi	1	20	183	30	6	nar_T3	nar	T3	3	2	2.7	4464.4682
annesi	1	14	149	18	6	nar_T2	nar	T2	3	2	2.7	4464.4682
annesi	1	12	183	30	6	nar_T3	nar	T3	3	2	2.7	4464.4682
annesi	1	24	200	26	6	nar_T1	nar	T1	3	2	2.7	4464.4682
annesi	1	15	200	26	6	nar_T1	nar	T1	3	2	2.7	4464.4682
annesi	1	15	183	30	6	nar_T3	nar	T3	3	2	2.7	4464.4682
annesi	1	9	149	18	6	nar_T2	nar	T2	3	2	2.7	4464.4682
annesi	1	16	149	18	6	nar_T2	nar	T2	3	2	2.7	4464.4682
annesi	1	2	149	18	6	nar_T2	nar	T2	3	2	2.7	4464.4682
annesi	1	13	149	18	6	nar_T2	nar	T2	3	2	2.7	4464.4682
annesini	1	19	183	30	8	nar_T3	nar	T3	4	3	3.85	3367.15314285714
annesini	1	10	149	18	8	nar_T2	nar	T2	4	3	3.85	3367.15314285714
annesinin	1	28	183	30	9	nar_T3	nar	T3	4	3	4.7	2947.561625
annesinin	1	14	200	26	9	nar_T1	nar	T1	4	3	4.7	2947.561625
annesinin	1	10	200	26	9	nar_T1	nar	T1	4	3	4.7	2947.561625
annesinin	1	3	183	30	9	nar_T3	nar	T3	4	3	4.7	2947.561625
annesinin	1	18	183	30	9	nar_T3	nar	T3	4	3	4.7	2947.561625
annesinin	1	2	200	26	9	nar_T1	nar	T1	4	3	4.7	2947.561625
aracılığıyla	1	14	172	22	12	inf_T3	inf	T3	6	2	6.45	2134.21009090909
arasında	1	7	148	18	8	inf_T2	inf	T2	4	3	3.15	2919.651
arasında	1	22	176	23	8	inf_T1	inf	T1	4	3	3.15	2919.651
arkadaşı	1	4	200	26	8	nar_T1	nar	T1	4	2	3.3	3387.00714285714
arkadaşı	1	5	149	18	8	nar_T2	nar	T2	4	2	3.3	3387.00714285714
arkadaşı	1	5	183	30	8	nar_T3	nar	T3	4	2	3.3	3387.00714285714
arkadaşının	1	5	200	26	11	nar_T1	nar	T1	5	3	5.35	2371.4876
arkadaşının	1	6	183	30	11	nar_T3	nar	T3	5	3	5.35	2371.4876
arkadaşının	1	6	149	18	11	nar_T2	nar	T2	5	3	5.35	2371.4876
arkasında	1	24	200	26	9	nar_T1	nar	T1	4	3	3.9	2878.050375
arttı	1	8	149	18	5	nar_T2	nar	T2	2	2	1.9	4578.456
aşağı	1	17	172	22	5	inf_T3	inf	T3	3	1	1.95	855.473
ateşliyken	1	19	200	26	10	nar_T1	nar	T1	4	2	4.45	1163.49177777778
avlanırlar	1	14	172	22	10	inf_T3	inf	T3	4	4	4.85	2997.57777777778
avlarına	1	17	176	23	8	inf_T1	inf	T1	4	4	3.55	4321.70271428571
ayaklarının	1	18	148	18	11	inf_T2	inf	T2	5	4	4.85	1913.2049
ayaklarının	1	18	176	23	11	inf_T1	inf	T1	5	4	4.85	1913.2049
ayaklarının	1	15	172	22	11	inf_T3	inf	T3	5	4	4.85	1913.2049
ayırırlar	1	8	176	23	9	inf_T1	inf	T1	4	3	3.85	1345.276
ayırırlar	1	13	148	18	9	inf_T2	inf	T2	4	3	3.85	1345.276
aylak	1	9	172	22	5	inf_T3	inf	T3	2	1	1.35	5768.719
aylardır	1	24	200	26	8	nar_T1	nar	T1	3	3	2.95	4715.89642857143
aylardır	1	24	200	26	8	nar_T1	nar	T1	3	2	2.95	4715.89642857143
aylardır	1	28	183	30	8	nar_T3	nar	T3	3	3	2.95	4715.89642857143
aylardır	1	28	183	30	8	nar_T3	nar	T3	3	2	2.95	4715.89642857143
aylardır	1	14	149	18	8	nar_T2	nar	T2	3	3	2.95	4715.89642857143
aylardır	1	14	149	18	8	nar_T2	nar	T2	3	2	2.95	4715.89642857143
aynı	1	5	149	18	4	nar_T2	nar	T2	2	1	1.65	4084.58766666667
aynı	1	5	183	30	4	nar_T3	nar	T3	2	1	1.65	4084.58766666667
aynı	1	4	200	26	4	nar_T1	nar	T1	2	1	1.65	4084.58766666667
ayrıca	1	21	172	22	6	inf_T3	inf	T3	3	1	2	2683.5676
ayrıca	1	17	172	22	6	inf_T3	inf	T3	3	1	2	2683.5676
ayrılan	1	9	176	23	7	inf_T1	inf	T1	3	3	2	3719.4785
ayrılan	1	9	176	23	7	inf_T1	inf	T1	3	2	2	3719.4785
ayrılan	1	14	148	18	7	inf_T2	inf	T2	3	3	2	3719.4785
ayrılan	1	14	148	18	7	inf_T2	inf	T2	3	2	2	3719.4785
babaannesi	1	14	149	18	10	nar_T2	nar	T2	4	2	4.8	4998.34422222223
babaannesi	1	16	149	18	10	nar_T2	nar	T2	4	2	4.8	4998.34422222223
babaannesi	1	28	183	30	10	nar_T3	nar	T3	4	2	4.8	4998.34422222223
babaannesini	1	24	200	26	12	nar_T1	nar	T1	5	3	6.65	4090.64918181819
baktı	1	10	183	30	5	nar_T3	nar	T3	2	2	1.85	10588.492
başka	1	24	183	30	5	nar_T3	nar	T3	2	1	1.75	13435.37175
başka	1	20	200	26	5	nar_T1	nar	T1	2	1	1.75	13435.37175
başka	1	11	149	18	5	nar_T2	nar	T2	2	1	1.75	13435.37175
başladı	1	22	200	26	7	nar_T1	nar	T1	3	2	2.65	10133.427
başladı	1	22	183	30	7	nar_T3	nar	T3	3	2	2.65	10133.427
başladı	1	26	183	30	7	nar_T3	nar	T3	3	2	2.65	10133.427
bazen	1	13	148	18	5	inf_T2	inf	T2	2	1	1.85	13837.28475
bazen	1	8	176	23	5	inf_T1	inf	T1	2	1	1.85	13837.28475
bazı	1	7	172	22	4	inf_T3	inf	T3	2	1	1.25	13804.5873333333
bazı	1	4	148	18	4	inf_T2	inf	T2	2	1	1.25	13804.5873333333
bazıları	1	10	172	22	8	inf_T3	inf	T3	4	3	3.35	7462.34428571429
bazıları	1	5	176	23	8	inf_T1	inf	T1	4	3	3.35	7462.34428571429
beklemekten	1	24	183	30	11	nar_T3	nar	T3	4	5	4.85	5252.435
beklemekten	1	24	183	30	11	nar_T3	nar	T3	4	3	4.85	5252.435
beklemekten	1	20	200	26	11	nar_T1	nar	T1	4	5	4.85	5252.435
beklemekten	1	20	200	26	11	nar_T1	nar	T1	4	3	4.85	5252.435
beklemekten	1	11	149	18	11	nar_T2	nar	T2	4	5	4.85	5252.435
beklemekten	1	11	149	18	11	nar_T2	nar	T2	4	3	4.85	5252.435
bekleyememiş	1	6	149	18	12	nar_T2	nar	T2	5	4	5.7	4332.56527272728
bekleyememiş	1	5	200	26	12	nar_T1	nar	T1	5	4	5.7	4332.56527272728
bekleyememişti	1	6	183	30	14	nar_T3	nar	T3	6	NA	7.6	3666.4876923077
belki	1	9	149	18	5	nar_T2	nar	T2	2	1	1.8	8984.92875000001
belki	1	12	200	26	5	nar_T1	nar	T1	2	1	1.8	8984.92875000001
belki	1	15	183	30	5	nar_T3	nar	T3	2	1	1.8	8984.92875000001
benzerler	1	21	176	23	9	inf_T1	inf	T1	3	2	3.35	5643.46412500001
beş	1	3	172	22	3	inf_T3	inf	T3	1	1	1.15	8909.35150000001
beş	1	2	148	18	3	inf_T2	inf	T2	1	1	1.15	8909.35150000001
beş	1	22	176	23	3	inf_T1	inf	T1	1	1	1.15	8909.35150000001
beş	1	4	176	23	3	inf_T1	inf	T1	1	1	1.15	8909.35150000001
beş	1	3	148	18	3	inf_T2	inf	T2	1	1	1.15	8909.35150000001
beş	1	3	176	23	3	inf_T1	inf	T1	1	1	1.15	8909.35150000001
beş	1	7	148	18	3	inf_T2	inf	T2	1	1	1.15	8909.35150000001
beşiği	1	11	183	30	6	nar_T3	nar	T3	3	2	2.4	4277.9424
beşik	1	9	200	26	5	nar_T1	nar	T1	2	1	1.55	6183.63925
beslenirler	1	16	172	22	11	inf_T3	inf	T3	4	3	4.6	4257.5651
beslenirler	1	16	172	22	11	inf_T3	inf	T3	4	4	4.6	4257.5651
beslenirler	1	17	148	18	11	inf_T2	inf	T2	4	3	4.6	4257.5651
beslenirler	1	17	148	18	11	inf_T2	inf	T2	4	4	4.6	4257.5651
beyin	1	18	172	22	5	inf_T3	inf	T3	2	1	1.8	6926.38375
beyinleri	1	6	148	18	9	inf_T2	inf	T2	4	3	3.65	4573.33175
beyinleri	1	20	176	23	9	inf_T1	inf	T1	4	3	3.65	4573.33175
bile	1	4	172	22	4	inf_T3	inf	T3	2	1	1	23534.9316666667
biliyordu	1	10	200	26	9	nar_T1	nar	T1	4	3	4.55	9080.12575
bilmezken	1	25	183	30	9	nar_T3	nar	T3	3	3	3.6	8080.281
bilmiyorken	1	21	200	26	11	nar_T1	nar	T1	4	4	5.3	6551.6219
bir	1	10	200	26	3	nar_T1	nar	T1	1	1	1.15	40814.4175
bir	1	7	176	23	3	inf_T1	inf	T1	1	1	1.15	40814.4175
bir	1	13	200	26	3	nar_T1	nar	T1	1	1	1.15	40814.4175
bir	1	12	200	26	3	nar_T1	nar	T1	1	1	1.15	40814.4175
bir	1	8	176	23	3	inf_T1	inf	T1	1	1	1.15	40814.4175
bir	1	12	176	23	3	inf_T1	inf	T1	1	1	1.15	40814.4175
bir	1	21	172	22	3	inf_T3	inf	T3	1	1	1.15	40814.4175
bir	1	16	149	18	3	nar_T2	nar	T2	1	1	1.15	40814.4175
bir	1	20	200	26	3	nar_T1	nar	T1	1	1	1.15	40814.4175
bir	1	13	148	18	3	inf_T2	inf	T2	1	1	1.15	40814.4175
bir	1	17	149	18	3	nar_T2	nar	T2	1	1	1.15	40814.4175
bir	1	22	176	23	3	inf_T1	inf	T1	1	1	1.15	40814.4175
bir	1	17	183	30	3	nar_T3	nar	T3	1	1	1.15	40814.4175
bir	1	27	183	30	3	nar_T3	nar	T3	1	1	1.15	40814.4175
bir	1	11	148	18	3	inf_T2	inf	T2	1	1	1.15	40814.4175
bir	1	23	200	26	3	nar_T1	nar	T1	1	1	1.15	40814.4175
bir	1	1	149	18	3	nar_T2	nar	T2	1	1	1.15	40814.4175
biraz	1	21	200	26	5	nar_T1	nar	T1	2	1	1.9	25175.11925
birbirlerine	1	18	149	18	12	nar_T2	nar	T2	5	4	5.8	8053.61618181818
birden	1	13	149	18	6	nar_T2	nar	T2	2	1	1.9	18577.12
birden	1	27	183	30	6	nar_T3	nar	T3	2	1	1.9	18577.12
birkaç	1	2	172	22	6	inf_T3	inf	T3	2	1	2.2	19077.9718
bölgededir	1	17	172	22	10	inf_T3	inf	T3	4	3	4.7	1425.71577777778
bölgelerde	1	2	172	22	10	inf_T3	inf	T3	4	3	4.65	2123.37366666667
bölümleri	1	8	172	22	9	inf_T3	inf	T3	4	3	3.85	2412.8355
bölümlerini	1	7	172	22	11	inf_T3	inf	T3	5	4	5.2	1934.9414
bölünerek	1	8	148	18	9	inf_T2	inf	T2	4	3	4	2246.240375
bölünerek	1	23	176	23	9	inf_T1	inf	T1	4	3	4	2246.240375
bölünmesi	1	22	172	22	9	inf_T3	inf	T3	4	4	4	2217.403125
boştu	1	9	200	26	5	nar_T1	nar	T1	2	2	2	1430.45225
boştu	1	11	183	30	5	nar_T3	nar	T3	2	2	2	1430.45225
böylece	1	11	176	23	7	inf_T1	inf	T1	3	1	2.6	5198.40483333333
bu	1	18	148	18	2	inf_T2	inf	T2	1	1	1.35	22519.689
bu	1	2	183	30	2	nar_T3	nar	T3	1	1	1.35	22519.689
bu	1	8	172	22	2	inf_T3	inf	T3	1	1	1.35	22519.689
bu	1	2	172	22	2	inf_T3	inf	T3	1	1	1.35	22519.689
bu	1	18	176	23	2	inf_T1	inf	T1	1	1	1.35	22519.689
bu	1	12	148	18	2	inf_T2	inf	T2	1	1	1.35	22519.689
bu	1	1	200	26	2	nar_T1	nar	T1	1	1	1.35	22519.689
bu	1	14	148	18	2	inf_T2	inf	T2	1	1	1.35	22519.689
bu	1	20	172	22	2	inf_T3	inf	T3	1	1	1.35	22519.689
bu	1	21	176	23	2	inf_T1	inf	T1	1	1	1.35	22519.689
bugün	1	6	149	18	5	nar_T2	nar	T2	2	1	2.05	7902.90525
bugün	1	6	149	18	5	nar_T2	nar	T2	1	1	2.05	7902.90525
bugün	1	5	200	26	5	nar_T1	nar	T1	2	1	2.05	7902.90525
bugün	1	5	200	26	5	nar_T1	nar	T1	1	1	2.05	7902.90525
bugün	1	6	183	30	5	nar_T3	nar	T3	2	1	2.05	7902.90525
bugün	1	6	183	30	5	nar_T3	nar	T3	1	1	2.05	7902.90525
bulamadı	1	13	200	26	8	nar_T1	nar	T1	4	4	3.45	6717.92885714285
bulamadı	1	13	200	26	8	nar_T1	nar	T1	4	3	3.45	6717.92885714285
bulamadı	1	17	183	30	8	nar_T3	nar	T3	4	4	3.45	6717.92885714285
bulamadı	1	17	183	30	8	nar_T3	nar	T3	4	3	3.45	6717.92885714285
bulunan	1	18	176	23	7	inf_T1	inf	T1	3	3	2.8	7431.30316666666
bulunmaktadır	1	3	172	22	13	inf_T3	inf	T3	5	4	6.9	3703.58033333333
bunların	1	16	172	22	8	inf_T3	inf	T3	3	3	3.6	6283.57728571429
bunu	1	23	200	26	4	nar_T1	nar	T1	2	2	1.7	10465.939
bunu	1	27	183	30	4	nar_T3	nar	T3	2	2	1.7	10465.939
bunun	1	8	176	23	5	inf_T1	inf	T1	2	2	1.8	9847.5535
bunun	1	13	148	18	5	inf_T2	inf	T2	2	2	1.8	9847.5535
bunun	1	22	200	26	5	nar_T1	nar	T1	2	2	1.8	9847.5535
bunun	1	26	183	30	5	nar_T3	nar	T3	2	2	1.8	9847.5535
büyük	1	17	149	18	5	nar_T2	nar	T2	2	1	1.8	4069.197
buzdolabına	1	16	183	30	11	nar_T3	nar	T3	5	3	5.65	3268.9211
buzdolabına	1	13	200	26	11	nar_T1	nar	T1	5	3	5.65	3268.9211
buzdolabının	1	14	183	30	12	nar_T3	nar	T3	5	3	6.5	2971.744
buzdolabının	1	12	200	26	12	nar_T1	nar	T1	5	3	6.5	2971.744
çabuk	1	10	172	22	5	inf_T3	inf	T3	2	1	1.8	4231.18575
çalarak	1	10	149	18	7	nar_T2	nar	T2	3	2	2.45	8383.6805
çalarak	1	19	183	30	7	nar_T3	nar	T3	3	2	2.45	8383.6805
çalarak	1	14	200	26	7	nar_T1	nar	T1	3	2	2.45	8383.6805
çalıştı	1	2	200	26	7	nar_T1	nar	T1	3	2	2.1	5476.43266666667
canlı	1	21	172	22	5	inf_T3	inf	T3	2	1	1.65	5117.9365
canlılar	1	2	172	22	8	inf_T3	inf	T3	3	2	3.1	4369.13428571429
canlılar	1	11	172	22	8	inf_T3	inf	T3	3	2	3.1	4369.13428571429
canlılardır	1	1	176	23	11	inf_T1	inf	T1	4	3	4.8	3070.9786
canlılardır	1	1	148	18	11	inf_T2	inf	T2	4	3	4.8	3070.9786
canlılardır	1	1	172	22	11	inf_T3	inf	T3	4	3	4.8	3070.9786
canlılardır	1	9	148	18	11	inf_T2	inf	T2	4	3	4.8	3070.9786
canlıları	1	18	148	18	9	inf_T2	inf	T2	4	3	3.85	3826.515625
canlıları	1	18	176	23	9	inf_T1	inf	T1	4	3	3.85	3826.515625
canlılarıdır	1	22	172	22	12	inf_T3	inf	T3	5	4	5.65	2782.93763636364
canlıların	1	18	176	23	10	inf_T1	inf	T1	4	3	4.4	3401.83688888889
canlılarını	1	16	176	23	11	inf_T1	inf	T1	5	4	4.95	3061.7096
canlılarıyla	1	17	148	18	12	inf_T2	inf	T2	5	4	5.7	2783.398
çaresi	1	20	200	26	6	nar_T1	nar	T1	3	2	2.65	11441.0106
çaresi	1	11	149	18	6	nar_T2	nar	T2	3	2	2.65	11441.0106
çaresi	1	24	183	30	6	nar_T3	nar	T3	3	2	2.65	11441.0106
çarpıyordu	1	15	149	18	10	nar_T2	nar	T2	4	3	5.15	4687.818
çarpıyordu	1	29	183	30	10	nar_T3	nar	T3	4	3	5.15	4687.818
çarpıyordu	1	25	200	26	10	nar_T1	nar	T1	4	3	5.15	4687.818
çekmenler	1	15	172	22	9	inf_T3	inf	T3	3	1	3.55	2941.992875
çeşitli	1	22	200	26	7	nar_T1	nar	T1	3	1	2.3	2826.947
çeşitli	1	26	183	30	7	nar_T3	nar	T3	3	1	2.3	2826.947
çeşitli	1	5	172	22	7	inf_T3	inf	T3	3	1	2.3	2826.947
çığlığını	1	2	200	26	9	nar_T1	nar	T1	4	3	4.7	1453.651875
çığlığını	1	3	183	30	9	nar_T3	nar	T3	4	3	4.7	1453.651875
çıkabilirler	1	5	172	22	12	inf_T3	inf	T3	5	4	5.85	1777.66145454545
çıkışı	1	1	149	18	6	nar_T2	nar	T2	3	2	1.9	4174.3306
çoğalan	1	22	172	22	7	inf_T3	inf	T3	3	2	2.75	4241.6805
çoğalırlar	1	8	148	18	10	inf_T2	inf	T2	4	3	4.75	2191.92766666667
çoğalırlar	1	23	176	23	10	inf_T1	inf	T1	4	3	4.75	2191.92766666667
çoğu	1	5	183	30	4	nar_T3	nar	T3	2	2	1.8	3598.76733333333
çoğu	1	5	149	18	4	nar_T2	nar	T2	2	2	1.8	3598.76733333333
çoğu	1	4	200	26	4	nar_T1	nar	T1	2	2	1.8	3598.76733333333
çok	1	12	149	18	3	nar_T2	nar	T2	1	1	1.2	7077.7015
çok	1	18	200	26	3	nar_T1	nar	T1	1	1	1.2	7077.7015
çok	1	10	148	18	3	inf_T2	inf	T2	1	1	1.2	7077.7015
çok	1	23	183	30	3	nar_T3	nar	T3	1	1	1.2	7077.7015
çok	1	8	183	30	3	nar_T3	nar	T3	1	1	1.2	7077.7015
çok	1	6	200	26	3	nar_T1	nar	T1	1	1	1.2	7077.7015
çok	1	11	200	26	3	nar_T1	nar	T1	1	1	1.2	7077.7015
cuma	1	1	149	18	4	nar_T2	nar	T2	2	1	1.65	3141.47
çünkü	1	10	176	23	5	inf_T1	inf	T1	2	1	2.15	3024.685
çünkü	1	14	148	18	5	inf_T2	inf	T2	2	1	2.15	3024.685
da	1	1	176	23	2	inf_T1	inf	T1	1	1	1.05	18216.181
da	1	20	183	30	2	nar_T3	nar	T3	1	1	1.05	18216.181
da	1	6	176	23	2	inf_T1	inf	T1	1	1	1.05	18216.181
da	1	4	149	18	2	nar_T2	nar	T2	1	1	1.05	18216.181
da	2	3	148	18	2	inf_T2	inf	T2	1	1	1.05	18216.181
da	1	3	200	26	2	nar_T1	nar	T1	1	1	1.05	18216.181
da	1	10	172	22	2	inf_T3	inf	T3	1	1	1.05	18216.181
da	1	3	172	22	2	inf_T3	inf	T3	1	1	1.05	18216.181
da	1	17	149	18	2	nar_T2	nar	T2	1	1	1.05	18216.181
da	1	10	149	18	2	nar_T2	nar	T2	1	1	1.05	18216.181
da	1	15	200	26	2	nar_T1	nar	T1	1	1	1.05	18216.181
da	1	4	176	23	2	inf_T1	inf	T1	1	1	1.05	18216.181
daha	1	7	149	18	4	nar_T2	nar	T2	2	1	1.4	11996.3066666667
daha	1	2	183	30	4	nar_T3	nar	T3	2	1	1.4	11996.3066666667
daha	1	3	200	26	4	nar_T1	nar	T1	2	1	1.4	11996.3066666667
daha	1	1	200	26	4	nar_T1	nar	T1	2	1	1.4	11996.3066666667
daha	1	4	149	18	4	nar_T2	nar	T2	2	1	1.4	11996.3066666667
daha	1	19	200	26	4	nar_T1	nar	T1	2	1	1.4	11996.3066666667
de	1	19	183	30	2	nar_T3	nar	T3	1	1	1	25987.372
de	1	1	172	22	2	inf_T3	inf	T3	1	1	1	25987.372
de	1	8	176	23	2	inf_T1	inf	T1	1	1	1	25987.372
de	1	12	200	26	2	nar_T1	nar	T1	1	1	1	25987.372
de	1	9	149	18	2	nar_T2	nar	T2	1	1	1	25987.372
de	1	13	176	23	2	inf_T1	inf	T1	1	1	1	25987.372
de	1	15	183	30	2	nar_T3	nar	T3	1	1	1	25987.372
de	1	5	149	18	2	nar_T2	nar	T2	1	1	1	25987.372
de	1	14	200	26	2	nar_T1	nar	T1	1	1	1	25987.372
de	1	10	148	18	2	inf_T2	inf	T2	1	1	1	25987.372
de	1	13	148	18	2	inf_T2	inf	T2	1	1	1	25987.372
de	1	17	149	18	2	nar_T2	nar	T2	1	1	1	25987.372
değildir	1	11	172	22	8	inf_T3	inf	T3	3	2	3.1	6295.95485714286
değillerdir	1	11	172	22	11	inf_T3	inf	T3	4	3	4.85	4984.3337
denince	1	3	176	23	7	inf_T1	inf	T1	3	3	2.35	10470.1521666667
denince	1	3	176	23	7	inf_T1	inf	T1	3	2	2.35	10470.1521666667
denince	1	2	148	18	7	inf_T2	inf	T2	3	3	2.35	10470.1521666667
denince	1	2	148	18	7	inf_T2	inf	T2	3	2	2.35	10470.1521666667
deniz	1	1	172	22	5	inf_T3	inf	T3	2	1	1.75	13903.94175
deniz	1	11	172	22	5	inf_T3	inf	T3	2	1	1.75	13903.94175
deniz	1	5	148	18	5	inf_T2	inf	T2	2	1	1.75	13903.94175
deniz	1	20	172	22	5	inf_T3	inf	T3	2	1	1.75	13903.94175
deniz	1	1	148	18	5	inf_T2	inf	T2	2	1	1.75	13903.94175
deniz	1	9	148	18	5	inf_T2	inf	T2	2	1	1.75	13903.94175
deniz	1	17	148	18	5	inf_T2	inf	T2	2	1	1.75	13903.94175
deniz	1	2	176	23	5	inf_T1	inf	T1	2	1	1.75	13903.94175
deniz	1	5	172	22	5	inf_T3	inf	T3	2	1	1.75	13903.94175
deniz	1	23	176	23	5	inf_T1	inf	T1	2	1	1.75	13903.94175
deniz	1	13	172	22	5	inf_T3	inf	T3	2	1	1.75	13903.94175
deniz	1	21	172	22	5	inf_T3	inf	T3	2	1	1.75	13903.94175
deniz	1	1	176	23	5	inf_T1	inf	T1	2	1	1.75	13903.94175
deniz	2	22	172	22	5	inf_T3	inf	T3	2	1	1.75	13903.94175
deniz	1	22	176	23	5	inf_T1	inf	T1	2	1	1.75	13903.94175
deniz	1	15	148	18	5	inf_T2	inf	T2	2	1	1.75	13903.94175
deniz	1	6	176	23	5	inf_T1	inf	T1	2	1	1.75	13903.94175
deniz	1	4	176	23	5	inf_T1	inf	T1	2	1	1.75	13903.94175
deniz	1	21	176	23	5	inf_T1	inf	T1	2	1	1.75	13903.94175
deniz	1	14	176	23	5	inf_T1	inf	T1	2	1	1.75	13903.94175
deniz	1	16	176	23	5	inf_T1	inf	T1	2	1	1.75	13903.94175
deniz	2	3	176	23	5	inf_T1	inf	T1	2	1	1.75	13903.94175
deniz	1	7	176	23	5	inf_T1	inf	T1	2	1	1.75	13903.94175
deniz	1	2	148	18	5	inf_T2	inf	T2	2	1	1.75	13903.94175
denizlerde	1	1	172	22	10	inf_T3	inf	T3	4	3	4.4	6776.32677777778
denizlerde	1	1	176	23	10	inf_T1	inf	T1	4	3	4.4	6776.32677777778
denizlerde	1	1	148	18	10	inf_T2	inf	T2	4	3	4.4	6776.32677777778
derin	1	1	148	18	5	inf_T2	inf	T2	2	1	1.45	17718.86075
derinliğe	1	2	172	22	9	inf_T3	inf	T3	4	2	3.5	9745.2865
derinliklerde	1	2	176	23	13	inf_T1	inf	T1	5	4	6.15	6751.65833333333
diğer	1	3	172	22	5	inf_T3	inf	T3	2	1	1.9	5812.391
dolayı	1	21	200	26	6	nar_T1	nar	T1	3	1	1.9	5849.72
doldu	1	17	200	26	5	nar_T1	nar	T1	2	2	1.9	4592.88375
dolmaya	1	22	183	30	7	nar_T3	nar	T3	3	2	2.8	3577.682
dönüşürler	1	11	176	23	10	inf_T1	inf	T1	4	3	4.65	1705.70922222222
düşmanlara	1	6	172	22	10	inf_T3	inf	T3	4	3	4.55	2859.22033333333
düşmanlardan	1	7	176	23	12	inf_T1	inf	T1	4	3	5.85	2314.92354545455
düşmanlardan	1	12	148	18	12	inf_T2	inf	T2	4	3	5.85	2314.92354545455
düşmanlarına	1	13	148	18	12	inf_T2	inf	T2	5	4	5.85	2276.74427272727
düşünceler	1	22	200	26	10	nar_T1	nar	T1	4	2	4.2	2669.742
düşünceler	1	26	183	30	10	nar_T3	nar	T3	4	2	4.2	2669.742
düşündü	1	1	200	26	7	nar_T1	nar	T1	3	2	2.65	3302.50266666667
düşündü	1	2	183	30	7	nar_T3	nar	T3	3	2	2.65	3302.50266666667
edebilen	1	10	148	18	8	inf_T2	inf	T2	4	3	3	1834.88642857143
edebilen	1	13	176	23	8	inf_T1	inf	T1	4	3	3	1834.88642857143
edebilir	1	10	172	22	8	inf_T3	inf	T3	4	3	3.25	1458.69828571429
eden	1	9	172	22	4	inf_T3	inf	T3	2	2	1.4	955.939666666667
eden	1	9	148	18	4	inf_T2	inf	T2	2	2	1.4	955.939666666667
ederler	1	12	176	23	7	inf_T1	inf	T1	3	3	2.8	2112.04533333333
edip	1	17	149	18	4	nar_T2	nar	T2	2	2	1.6	456.239333333333
eski	1	11	176	23	4	inf_T1	inf	T1	2	1	1.8	3765.104
etmeye	1	2	200	26	6	nar_T1	nar	T1	3	3	2.8	4000.2114
etoburlardır	1	15	176	23	12	inf_T1	inf	T1	5	3	6.3	1634.54918181818
etti	1	14	183	30	4	nar_T3	nar	T3	2	2	1.75	6716.31933333333
etti	1	3	183	30	4	nar_T3	nar	T3	2	2	1.75	6716.31933333333
etti	1	3	149	18	4	nar_T2	nar	T2	2	2	1.75	6716.31933333333
etti	1	8	200	26	4	nar_T1	nar	T1	2	2	1.75	6716.31933333333
etti	1	12	200	26	4	nar_T1	nar	T1	2	2	1.75	6716.31933333333
ev	1	8	183	30	2	nar_T3	nar	T3	1	1	1	2086.078
ev	1	6	200	26	2	nar_T1	nar	T1	1	1	1	2086.078
ev	1	7	149	18	2	nar_T2	nar	T2	1	1	1	2086.078
evde	1	8	149	18	4	nar_T2	nar	T2	2	2	1.7	3298.245
evde	1	11	149	18	4	nar_T2	nar	T2	2	2	1.7	3298.245
evde	1	20	200	26	4	nar_T1	nar	T1	2	2	1.7	3298.245
evde	1	7	200	26	4	nar_T1	nar	T1	2	2	1.7	3298.245
evde	1	9	183	30	4	nar_T3	nar	T3	2	2	1.7	3298.245
evde	1	24	183	30	4	nar_T3	nar	T3	2	2	1.7	3298.245
eve	1	7	149	18	3	nar_T2	nar	T2	2	2	1.05	1234.4625
eve	1	1	200	26	3	nar_T1	nar	T1	2	2	1.05	1234.4625
eve	1	5	149	18	3	nar_T2	nar	T2	2	2	1.05	1234.4625
eve	1	4	200	26	3	nar_T1	nar	T1	2	2	1.05	1234.4625
eve	1	5	183	30	3	nar_T3	nar	T3	2	2	1.05	1234.4625
eve	1	8	183	30	3	nar_T3	nar	T3	2	2	1.05	1234.4625
eve	1	6	200	26	3	nar_T1	nar	T1	2	2	1.05	1234.4625
evin	1	12	149	18	4	nar_T2	nar	T2	2	2	1.35	3828.24633333333
evin	1	25	183	30	4	nar_T3	nar	T3	2	2	1.35	3828.24633333333
evine	1	1	149	18	5	nar_T2	nar	T2	3	3	1.9	3203.63525
evine	1	1	183	30	5	nar_T3	nar	T3	3	3	1.9	3203.63525
evleri	1	5	149	18	6	nar_T2	nar	T2	3	3	2.35	5115.59040000001
evleri	1	4	200	26	6	nar_T1	nar	T1	3	3	2.35	5115.59040000001
evleri	1	5	183	30	6	nar_T3	nar	T3	3	3	2.35	5115.59040000001
evlerinin	1	2	183	30	9	nar_T3	nar	T3	4	4	4.15	3354.513
fakat	1	12	149	18	5	nar_T2	nar	T2	2	1	1.85	8100.16200000001
fakat	1	13	176	23	5	inf_T1	inf	T1	2	1	1.85	8100.16200000001
fakat	1	10	148	18	5	inf_T2	inf	T2	2	1	1.85	8100.16200000001
farklı	2	5	148	18	6	inf_T2	inf	T2	2	1	1.95	9835.1382
farklı	1	6	176	23	6	inf_T1	inf	T1	2	1	1.95	9835.1382
farklı	1	6	200	26	6	nar_T1	nar	T1	2	1	1.95	9835.1382
farklı	1	8	183	30	6	nar_T3	nar	T3	2	1	1.95	9835.1382
formlarına	1	8	172	22	10	inf_T3	inf	T3	4	4	4.8	2527.32666666667
geçirdiği	1	19	200	26	9	nar_T1	nar	T1	4	4	3.75	5369.884625
geçiyordu	1	12	149	18	9	nar_T2	nar	T2	4	3	4.7	4421.41775
geçmek	1	25	183	30	6	nar_T3	nar	T3	2	2	1.85	7653.184
geçmek	1	21	200	26	6	nar_T1	nar	T1	2	2	1.85	7653.184
geldi	1	19	200	26	5	nar_T1	nar	T1	2	2	2	11934.87975
geldiğinde	1	7	149	18	10	nar_T2	nar	T2	4	4	4.8	5366.56577777778
geldiğinde	1	6	200	26	10	nar_T1	nar	T1	4	4	4.8	5366.56577777778
geldiğinde	1	8	183	30	10	nar_T3	nar	T3	4	4	4.8	5366.56577777778
gelir	1	2	148	18	5	inf_T2	inf	T2	2	2	1.65	15151.3795
gelir	1	2	148	18	5	inf_T2	inf	T2	1	2	1.65	15151.3795
gelir	1	3	176	23	5	inf_T1	inf	T1	2	2	1.65	15151.3795
gelir	1	3	176	23	5	inf_T1	inf	T1	1	2	1.65	15151.3795
geliştirebilirler	1	8	172	22	17	inf_T3	inf	T3	7	5	8.35	3569.394375
gelmediğini	1	2	183	30	11	nar_T3	nar	T3	5	5	5.65	4395.074
gelmediğini	1	1	200	26	11	nar_T1	nar	T1	5	5	5.65	4395.074
genellikle	1	9	148	18	10	inf_T2	inf	T2	4	2	3.8	7986.86222222222
genellikle	1	9	148	18	10	inf_T2	inf	T2	4	1	3.8	7986.86222222222
genellikle	1	2	148	18	10	inf_T2	inf	T2	4	2	3.8	7986.86222222222
genellikle	1	2	148	18	10	inf_T2	inf	T2	4	1	3.8	7986.86222222222
genellikle	1	3	176	23	10	inf_T1	inf	T1	4	2	3.8	7986.86222222222
genellikle	1	3	176	23	10	inf_T1	inf	T1	4	1	3.8	7986.86222222222
getirmişti	1	23	200	26	10	nar_T1	nar	T1	4	3	4.3	5346.21411111111
getirmişti	1	27	183	30	10	nar_T3	nar	T3	4	3	4.3	5346.21411111111
gibi	1	4	176	23	4	inf_T1	inf	T1	2	1	1.85	5682.55333333333
gibi	1	16	176	23	4	inf_T1	inf	T1	2	1	1.85	5682.55333333333
gibi	1	5	149	18	4	nar_T2	nar	T2	2	1	1.85	5682.55333333333
gibi	1	17	148	18	4	inf_T2	inf	T2	2	1	1.85	5682.55333333333
gibi	1	6	176	23	4	inf_T1	inf	T1	2	1	1.85	5682.55333333333
gibi	1	4	200	26	4	nar_T1	nar	T1	2	1	1.85	5682.55333333333
gibi	1	13	172	22	4	inf_T3	inf	T3	2	1	1.85	5682.55333333333
gibi	1	5	183	30	4	nar_T3	nar	T3	2	1	1.85	5682.55333333333
gibi	1	5	148	18	4	inf_T2	inf	T2	2	1	1.85	5682.55333333333
gibi	1	12	176	23	4	inf_T1	inf	T1	2	1	1.85	5682.55333333333
gibidir	1	20	172	22	7	inf_T3	inf	T3	3	2	2.9	3353.21316666667
gibidirler	1	9	172	22	10	inf_T3	inf	T3	4	3	4.8	2351.05788888889
giderek	1	13	183	30	7	nar_T3	nar	T3	3	2	2.8	5253.18766666667
gidiyordu	1	5	149	18	9	nar_T2	nar	T2	4	3	4.9	1929.1665
gidiyordu	1	4	200	26	9	nar_T1	nar	T1	4	3	4.9	1929.1665
gidiyordu	1	5	183	30	9	nar_T3	nar	T3	4	3	4.9	1929.1665
girdi	1	14	149	18	5	nar_T2	nar	T2	2	2	1.95	13668.4885
gitgide	1	8	149	18	7	nar_T2	nar	T2	3	1	3.5	3283.84166666667
gitmeyeceğini	1	10	200	26	13	nar_T1	nar	T1	6	5	7.8	1663.60033333333
gitmezdi	1	12	183	30	8	nar_T3	nar	T3	3	3	4	2731.64628571429
gitmişlerdi	1	12	200	26	11	nar_T1	nar	T1	4	4	5.75	1852.1092
gitmişti	1	15	183	30	8	nar_T3	nar	T3	3	3	3.85	2472.57257142857
gördü	1	28	183	30	5	nar_T3	nar	T3	2	2	1.9	6183.89975
gördü	1	24	200	26	5	nar_T1	nar	T1	2	2	1.9	6183.89975
göremeyince	1	8	149	18	11	nar_T2	nar	T2	5	4	5	4449.8237
görmediği	1	14	149	18	9	nar_T2	nar	T2	4	4	4.1	3470.754875
görmediği	1	24	200	26	9	nar_T1	nar	T1	4	4	4.1	3470.754875
görmediği	1	28	183	30	9	nar_T3	nar	T3	4	4	4.1	3470.754875
görmemişti	1	18	183	30	10	nar_T3	nar	T3	4	4	4.6	3660.55266666667
görmemişti	1	14	200	26	10	nar_T1	nar	T1	4	4	4.6	3660.55266666667
gösterince	1	17	149	18	10	nar_T2	nar	T2	4	2	3.25	4075.84
göstermek	1	13	149	18	9	nar_T2	nar	T2	3	2	3.05	4441.5385
götürürken	1	1	200	26	10	nar_T1	nar	T1	4	3	4.7	2121.46788888889
götürüyordu	1	1	183	30	11	nar_T3	nar	T3	5	3	6	2021.846
götürüyordu	1	1	149	18	11	nar_T2	nar	T2	5	3	6	2021.846
gözleri	1	22	183	30	7	nar_T3	nar	T3	3	3	2.25	7036.343
gözleri	1	17	200	26	7	nar_T1	nar	T1	3	3	2.25	7036.343
gözüne	1	19	200	26	6	nar_T1	nar	T1	3	3	2.35	5133.3308
gri	1	6	176	23	3	inf_T1	inf	T1	2	1	1.8	133.2595
griye	1	5	172	22	5	inf_T3	inf	T3	3	2	2	168.75725
gülümseyen	1	28	183	30	10	nar_T3	nar	T3	4	2	4.4	2112.087
gülümseyen	1	24	200	26	10	nar_T1	nar	T1	4	2	4.4	2112.087
gülümseyerek	1	14	149	18	12	nar_T2	nar	T2	5	2	6.3	1729.549
günü	1	1	149	18	4	nar_T2	nar	T2	2	2	1.8	5341.481
gururla	1	1	183	30	7	nar_T3	nar	T3	3	2	2.45	5811.9445
gururla	1	1	200	26	7	nar_T1	nar	T1	3	2	2.45	5811.9445
gururla	1	17	149	18	7	nar_T2	nar	T2	3	2	2.45	5811.9445
haber	1	20	183	30	5	nar_T3	nar	T3	2	1	1.95	8484.18375
haber	1	15	200	26	5	nar_T1	nar	T1	2	1	1.95	8484.18375
haberi	1	10	149	18	6	nar_T2	nar	T2	3	2	1.95	7073.248
haline	1	23	200	26	6	nar_T1	nar	T1	3	3	1.85	9585.45260000001
haline	1	27	183	30	6	nar_T3	nar	T3	3	3	1.85	9585.45260000001
hallerine	1	11	176	23	9	inf_T1	inf	T1	4	4	3.95	7234.879125
hareket	1	10	172	22	7	inf_T3	inf	T3	3	1	2.35	13363.8906666667
hareket	1	12	176	23	7	inf_T1	inf	T1	3	1	2.35	13363.8906666667
hareket	1	10	148	18	7	inf_T2	inf	T2	3	1	2.35	13363.8906666667
hareket	1	9	172	22	7	inf_T3	inf	T3	3	1	2.35	13363.8906666667
hareket	1	9	148	18	7	inf_T2	inf	T2	3	1	2.35	13363.8906666667
hareket	1	13	176	23	7	inf_T1	inf	T1	3	1	2.35	13363.8906666667
harika	1	16	149	18	6	nar_T2	nar	T2	3	1	1.9	12512.8436
hastalanmış	1	21	183	30	11	nar_T3	nar	T3	4	2	4.3	4871.8895
hastalanmış	1	16	200	26	11	nar_T1	nar	T1	4	2	4.3	4871.8895
hatta	1	23	200	26	5	nar_T1	nar	T1	2	1	1.7	7608.3285
hatta	1	5	176	23	5	inf_T1	inf	T1	2	1	1.7	7608.3285
hatta	1	27	183	30	5	nar_T3	nar	T3	2	1	1.7	7608.3285
hatta	1	4	148	18	5	inf_T2	inf	T2	2	1	1.7	7608.3285
havale	1	19	200	26	6	nar_T1	nar	T1	3	1	1.9	7178.874
hayal	1	3	183	30	5	nar_T3	nar	T3	2	1	1.8	11124.1085
hayal	1	3	149	18	5	nar_T2	nar	T2	2	1	1.8	11124.1085
hayal	1	2	200	26	5	nar_T1	nar	T1	2	1	1.8	11124.1085
hayvan	1	12	176	23	6	inf_T1	inf	T1	2	1	1.7	8012.3376
hayvan	1	9	172	22	6	inf_T3	inf	T3	2	1	1.7	8012.3376
hayvanlarını	1	13	172	22	12	inf_T3	inf	T3	5	4	5.25	3808.62309090909
hazırlanmasını	1	6	183	30	14	nar_T3	nar	T3	6	4	6.7	4134.42684615385
hazırlanmasını	1	6	183	30	14	nar_T3	nar	T3	6	5	6.7	4134.42684615385
hazırlanmasını	1	6	149	18	14	nar_T2	nar	T2	6	4	6.7	4134.42684615385
hazırlanmasını	1	6	149	18	14	nar_T2	nar	T2	6	5	6.7	4134.42684615385
hazırlanmasını	1	5	200	26	14	nar_T1	nar	T1	6	4	6.7	4134.42684615385
hazırlanmasını	1	5	200	26	14	nar_T1	nar	T1	6	5	6.7	4134.42684615385
hem	3	1	172	22	3	inf_T3	inf	T3	1	1	1.2	7831.7565
hemen	1	9	176	23	5	inf_T1	inf	T1	2	1	1.8	7501.59925
her	1	8	183	30	3	nar_T3	nar	T3	1	1	1	20087.013
her	1	6	200	26	3	nar_T1	nar	T1	1	1	1	20087.013
her	1	7	149	18	3	nar_T2	nar	T2	1	1	1	20087.013
herbivor	1	11	172	22	8	inf_T3	inf	T3	3	1	3.95	6236.13328571428
herhangi	1	13	200	26	8	nar_T1	nar	T1	3	1	3.55	7526.44485714286
herhangi	1	17	183	30	8	nar_T3	nar	T3	3	1	3.55	7526.44485714286
heyecandan	1	21	200	26	10	nar_T1	nar	T1	4	2	4.2	2735.544
heyecandan	1	25	183	30	10	nar_T3	nar	T3	4	2	4.2	2735.544
heyecandan	1	12	149	18	10	nar_T2	nar	T2	4	2	4.2	2735.544
heyecanlanarak	1	3	200	26	14	nar_T1	nar	T1	6	2	7.2	1891.04484615385
heyecanlanarak	1	4	183	30	14	nar_T3	nar	T3	6	2	7.2	1891.04484615385
heyecanlanıp	1	4	149	18	12	nar_T2	nar	T2	5	2	5.25	2234.17090909091
hiç	1	1	200	26	3	nar_T1	nar	T1	1	1	1.6	2837.3505
hiç	1	2	183	30	3	nar_T3	nar	T3	1	1	1.6	2837.3505
hiçbir	1	12	183	30	6	nar_T3	nar	T3	2	1	2.7	2011.214
hızla	1	14	148	18	5	inf_T2	inf	T2	2	1	1.6	5006.53475
hızla	1	25	200	26	5	nar_T1	nar	T1	2	1	1.6	5006.53475
hızla	1	29	183	30	5	nar_T3	nar	T3	2	1	1.6	5006.53475
hızlandırdı	1	3	200	26	11	nar_T1	nar	T1	4	3	5.1	3040.1216
hızlandırdı	1	4	149	18	11	nar_T2	nar	T2	4	3	5.1	3040.1216
hızlandırdı	1	4	183	30	11	nar_T3	nar	T3	4	3	5.1	3040.1216
hızlı	1	13	176	23	5	inf_T1	inf	T1	2	1	1.9	2035.27625
hızlı	1	10	148	18	5	inf_T2	inf	T2	2	1	1.9	2035.27625
hızlı	2	15	149	18	5	nar_T2	nar	T2	2	1	1.9	2035.27625
hücre	1	22	172	22	5	inf_T3	inf	T3	2	1	2	2032.67975
içeri	1	14	149	18	5	nar_T2	nar	T2	3	1	1.8	4922.122
için	1	4	200	26	4	nar_T1	nar	T1	2	1	1.6	9519.99466666667
için	1	13	148	18	4	inf_T2	inf	T2	2	1	1.6	9519.99466666667
için	1	13	149	18	4	nar_T2	nar	T2	2	1	1.6	9519.99466666667
için	1	8	176	23	4	inf_T1	inf	T1	2	1	1.6	9519.99466666667
içindeki	1	18	176	23	8	inf_T1	inf	T1	4	4	3.8	4562.36385714286
içlerini	1	18	176	23	8	inf_T1	inf	T1	4	4	3.35	5119.41042857143
içlerini	1	18	148	18	8	inf_T2	inf	T2	4	4	3.35	5119.41042857143
içlerini	1	15	172	22	8	inf_T3	inf	T3	4	4	3.35	5119.41042857143
ile	1	22	172	22	3	inf_T3	inf	T3	2	1	1	11491.026
ile	1	28	183	30	3	nar_T3	nar	T3	2	1	1	11491.026
ile	1	22	176	23	3	inf_T1	inf	T1	2	1	1	11491.026
ile	1	12	148	18	3	inf_T2	inf	T2	2	1	1	11491.026
ile	1	15	172	22	3	inf_T3	inf	T3	2	1	1	11491.026
ile	1	6	172	22	3	inf_T3	inf	T3	2	1	1	11491.026
ile	1	4	200	26	3	nar_T1	nar	T1	2	1	1	11491.026
ile	1	21	176	23	3	inf_T1	inf	T1	2	1	1	11491.026
ile	1	26	183	30	3	nar_T3	nar	T3	2	1	1	11491.026
ile	1	7	148	18	3	inf_T2	inf	T2	2	1	1	11491.026
ilgili	1	26	183	30	6	nar_T3	nar	T3	3	1	2.2	6596.2174
ilgili	1	22	200	26	6	nar_T1	nar	T1	3	1	2.2	6596.2174
ise	1	7	172	22	3	inf_T3	inf	T3	2	1	1.55	3078.619
ise	1	25	183	30	3	nar_T3	nar	T3	2	1	1.55	3078.619
istiridye	1	16	176	23	9	inf_T1	inf	T1	4	1	3.85	3789.180125
istiridye	1	13	172	22	9	inf_T3	inf	T3	4	1	3.85	3789.180125
kabuklu	1	18	148	18	7	inf_T2	inf	T2	3	1	2.05	7785.7385
kabuklu	1	18	176	23	7	inf_T1	inf	T1	3	1	2.05	7785.7385
kabuklu	1	17	148	18	7	inf_T2	inf	T2	3	1	2.05	7785.7385
kabukluları	1	15	172	22	11	inf_T3	inf	T3	5	4	4.65	4711.8074
kadar	1	2	172	22	5	inf_T3	inf	T3	2	1	1.55	15886.9075
kadar	1	2	183	30	5	nar_T3	nar	T3	2	1	1.55	15886.9075
kadar	1	1	200	26	5	nar_T1	nar	T1	2	1	1.55	15886.9075
kahverengi	1	5	148	18	10	inf_T2	inf	T2	4	1	4.75	6067.89411111111
kalabilen	1	21	172	22	9	inf_T3	inf	T3	4	3	3.65	7753.41175
kalbi	1	29	183	30	5	nar_T3	nar	T3	2	2	1.95	12670.05825
kalbi	1	25	200	26	5	nar_T1	nar	T1	2	2	1.95	12670.05825
kalbi	1	15	149	18	5	nar_T2	nar	T2	2	2	1.95	12670.05825
kalmamıştı	1	24	183	30	10	nar_T3	nar	T3	4	4	4.65	6140.32011111111
kalmamıştı	1	20	200	26	10	nar_T1	nar	T1	4	4	4.65	6140.32011111111
kalpleri	1	20	176	23	8	inf_T1	inf	T1	3	3	3.2	7845.91885714286
kalpleri	1	6	148	18	8	inf_T2	inf	T2	3	3	3.2	7845.91885714286
kalpleri	1	19	172	22	8	inf_T3	inf	T3	3	3	3.2	7845.91885714286
kapı	1	23	200	26	4	nar_T1	nar	T1	2	1	1.35	16791.8963333333
kapı	1	27	183	30	4	nar_T3	nar	T3	2	1	1.35	16791.8963333333
kapı	1	13	149	18	4	nar_T2	nar	T2	2	1	1.35	16791.8963333333
kapıdan	1	14	149	18	7	nar_T2	nar	T2	3	2	2.55	8900.93516666666
kapılarını	1	10	149	18	10	nar_T2	nar	T2	5	4	4.45	6800.23422222222
kapısında	1	18	183	30	9	nar_T3	nar	T3	4	3	4	6403.325
kapısında	1	14	200	26	9	nar_T1	nar	T1	4	3	4	6403.325
kapısını	1	19	183	30	8	nar_T3	nar	T3	4	3	3.35	7294.67357142857
kapıyı	1	14	200	26	6	nar_T1	nar	T1	3	2	2.2	10253.1718
kardeşi	1	16	200	26	7	nar_T1	nar	T1	3	2	2.65	12935.5483333333
kardeşi	1	21	183	30	7	nar_T3	nar	T3	3	2	2.65	12935.5483333333
kardeşi	1	14	149	18	7	nar_T2	nar	T2	3	2	2.65	12935.5483333333
kardeşi	1	9	149	18	7	nar_T2	nar	T2	3	2	2.65	12935.5483333333
kardeşine	1	2	149	18	9	nar_T2	nar	T2	4	3	3.45	9777.983125
kardeşine	1	13	149	18	9	nar_T2	nar	T2	4	3	3.45	9777.983125
kardeşini	1	23	183	30	9	nar_T3	nar	T3	4	3	3.6	9779.398625
kardeşini	1	18	200	26	9	nar_T1	nar	T1	4	3	3.6	9779.398625
kardeşini	1	8	200	26	9	nar_T1	nar	T1	4	3	3.6	9779.398625
kardeşinin	1	24	200	26	10	nar_T1	nar	T1	4	3	4.4	8697.10177777778
kardeşinin	1	19	200	26	10	nar_T1	nar	T1	4	3	4.4	8697.10177777778
kardeşinin	1	28	183	30	10	nar_T3	nar	T3	4	3	4.4	8697.10177777778
kardeşinin	1	10	183	30	10	nar_T3	nar	T3	4	3	4.4	8697.10177777778
karnivorlardır	1	12	172	22	14	inf_T3	inf	T3	5	3	7.4	5284.062
karşı	1	13	148	18	5	inf_T2	inf	T2	2	1	1.7	18234.83075
karşı	1	6	172	22	5	inf_T3	inf	T3	2	1	1.7	18234.83075
karşımıza	1	5	172	22	9	inf_T3	inf	T3	4	3	3.8	9326.774
karşısında	1	24	200	26	10	nar_T1	nar	T1	4	3	4.25	8147.79633333333
kavuşurlar	1	8	172	22	10	inf_T3	inf	T3	4	3	4.5	4829.21555555555
kaygısından	1	21	200	26	11	nar_T1	nar	T1	4	3	4.85	5008.5372
kaygıyla	1	24	183	30	8	nar_T3	nar	T3	3	2	2.7	7154.465
kazandığı	1	1	149	18	9	nar_T2	nar	T2	4	3	3.6	8554.913
kazandığı	1	1	183	30	9	nar_T3	nar	T3	4	3	3.6	8554.913
kazandığı	1	1	200	26	9	nar_T1	nar	T1	4	3	3.6	8554.913
kendi	1	10	176	23	5	inf_T1	inf	T1	2	1	1.9	10018.24175
kendi	1	14	148	18	5	inf_T2	inf	T2	2	1	1.9	10018.24175
kendilerini	1	13	148	18	11	inf_T2	inf	T2	5	3	4.8	4781.1768
kendilerini	1	13	148	18	11	inf_T2	inf	T2	5	4	4.8	4781.1768
kendilerini	1	12	148	18	11	inf_T2	inf	T2	5	3	4.8	4781.1768
kendilerini	1	12	148	18	11	inf_T2	inf	T2	5	4	4.8	4781.1768
kendilerini	1	8	176	23	11	inf_T1	inf	T1	5	3	4.8	4781.1768
kendilerini	1	8	176	23	11	inf_T1	inf	T1	5	4	4.8	4781.1768
kendilerini	1	6	172	22	11	inf_T3	inf	T3	5	3	4.8	4781.1768
kendilerini	1	6	172	22	11	inf_T3	inf	T3	5	4	4.8	4781.1768
kendilerini	1	7	176	23	11	inf_T1	inf	T1	5	3	4.8	4781.1768
kendilerini	1	7	176	23	11	inf_T1	inf	T1	5	4	4.8	4781.1768
kendilerini	1	7	172	22	11	inf_T3	inf	T3	5	3	4.8	4781.1768
kendilerini	1	7	172	22	11	inf_T3	inf	T3	5	4	4.8	4781.1768
kendini	1	14	148	18	7	inf_T2	inf	T2	3	2	2.65	6991.77266666667
kendini	1	10	176	23	7	inf_T1	inf	T1	3	2	2.65	6991.77266666667
kendisine	1	1	200	26	9	nar_T1	nar	T1	4	3	3.7	5367.331
kendisine	1	2	183	30	9	nar_T3	nar	T3	4	3	3.7	5367.331
kendisini	1	10	200	26	9	nar_T1	nar	T1	4	3	3.8	5368.7465
kerem	1	1	149	18	5	nar_T2	nar	T2	2	1	1.75	14627.2555
kerem	1	1	183	30	5	nar_T3	nar	T3	2	1	1.75	14627.2555
kerem	1	17	149	18	5	nar_T2	nar	T2	2	1	1.75	14627.2555
kerem	1	1	200	26	5	nar_T1	nar	T1	2	1	1.75	14627.2555
kerem	1	5	149	18	5	nar_T2	nar	T2	2	1	1.75	14627.2555
kerem’e	1	30	183	30	7	nar_T3	nar	T3	3	2	2.55	9751.50366666667
kerem’e	1	16	149	18	7	nar_T2	nar	T2	3	2	2.55	9751.50366666667
kerem’i	1	17	149	18	7	nar_T2	nar	T2	3	2	2.75	9751.50366666667
ki	1	23	200	26	2	nar_T1	nar	T1	1	1	1.4	7463.287
ki	1	27	183	30	2	nar_T3	nar	T3	1	1	1.4	7463.287
ki	1	13	149	18	2	nar_T2	nar	T2	1	1	1.4	7463.287
kilometre	1	2	172	22	9	inf_T3	inf	T3	4	1	2.85	3907.232875
kimi	1	7	172	22	4	inf_T3	inf	T3	2	2	1.7	4339.28833333333
kimse	1	7	200	26	5	nar_T1	nar	T1	2	1	2	3981.53725
kimsecikler	1	9	183	30	11	nar_T3	nar	T3	4	3	4.85	2102.5482
kimseyi	1	8	149	18	7	nar_T2	nar	T2	3	2	2.8	2713.043
kırk	1	5	176	23	4	inf_T1	inf	T1	1	1	1.6	4778.923
kırk	1	4	172	22	4	inf_T3	inf	T3	1	1	1.6	4778.923
kırk	1	4	148	18	4	inf_T2	inf	T2	1	1	1.6	4778.923
kısa	1	8	172	22	4	inf_T3	inf	T3	2	1	1.5	4379.77566666667
kısa	1	15	183	30	4	nar_T3	nar	T3	2	1	1.5	4379.77566666667
kısa	1	12	200	26	4	nar_T1	nar	T1	2	1	1.5	4379.77566666667
kısa	1	11	176	23	4	inf_T1	inf	T1	2	1	1.5	4379.77566666667
kısımları	1	18	176	23	9	inf_T1	inf	T1	4	3	3.75	2766.3335
kısımlarını	1	18	148	18	11	inf_T2	inf	T2	5	4	5.05	2213.5639
kısmını	1	13	148	18	7	inf_T2	inf	T2	3	3	2.75	1207.45433333333
kısmını	1	8	176	23	7	inf_T1	inf	T1	3	3	2.75	1207.45433333333
kokulu	1	6	172	22	6	inf_T3	inf	T3	3	2	1.8	5810.1718
kokulu	1	6	172	22	6	inf_T3	inf	T3	3	1	1.8	5810.1718
kokulu	1	7	176	23	6	inf_T1	inf	T1	3	2	1.8	5810.1718
kokulu	1	7	176	23	6	inf_T1	inf	T1	3	1	1.8	5810.1718
kokulu	1	11	148	18	6	inf_T2	inf	T2	3	2	1.8	5810.1718
kokulu	1	11	148	18	6	inf_T2	inf	T2	3	1	1.8	5810.1718
kolaylıkla	1	14	148	18	10	inf_T2	inf	T2	4	2	3.85	4640.62977777778
kolları	1	14	172	22	7	inf_T3	inf	T3	3	3	2.85	7890.3865
kolları	1	17	176	23	7	inf_T1	inf	T1	3	3	2.85	7890.3865
kollu	1	3	176	23	5	inf_T1	inf	T1	2	2	1.8	7483.91975
kollu	2	3	172	22	5	inf_T3	inf	T3	2	2	1.8	7483.91975
kollu	1	2	148	18	5	inf_T2	inf	T2	2	2	1.8	7483.91975
kollu	1	3	148	18	5	inf_T2	inf	T2	2	2	1.8	7483.91975
kollu	2	4	176	23	5	inf_T1	inf	T1	2	2	1.8	7483.91975
kollu	1	4	172	22	5	inf_T3	inf	T3	2	2	1.8	7483.91975
kolludur	1	4	148	18	8	inf_T2	inf	T2	3	2	3.8	4357.75985714286
kolludur	1	4	148	18	8	inf_T2	inf	T2	3	3	3.8	4357.75985714286
kolludur	1	5	176	23	8	inf_T1	inf	T1	3	2	3.8	4357.75985714286
kolludur	1	5	176	23	8	inf_T1	inf	T1	3	3	3.8	4357.75985714286
komşuların	1	14	200	26	10	nar_T1	nar	T1	4	3	4.8	2903.64466666667
komşuların	1	18	183	30	10	nar_T3	nar	T3	4	3	4.8	2903.64466666667
komşularına	1	12	200	26	11	nar_T1	nar	T1	5	4	5.7	2613.3393
komşularına	1	15	183	30	11	nar_T3	nar	T3	5	4	5.7	2613.3393
komşularındaydı	1	9	149	18	15	nar_T2	nar	T2	6	5	8.8	1868.75442857143
komşularının	1	19	183	30	12	nar_T3	nar	T3	5	4	6.15	2375.76054545455
kontrol	1	8	200	26	7	nar_T1	nar	T1	2	1	2.75	5367.89666666667
kopan	1	8	172	22	5	inf_T3	inf	T3	2	2	1.65	8725.96675
koparırlar	1	7	172	22	10	inf_T3	inf	T3	4	4	4.4	4525.34155555556
koruma	1	7	176	23	6	inf_T1	inf	T1	3	2	2	8039.009
korumak	1	7	172	22	7	inf_T3	inf	T3	3	2	2.4	6806.59966666667
korurlar	1	12	148	18	8	inf_T2	inf	T2	3	3	3	6853.81014285715
koştu	1	16	183	30	5	nar_T3	nar	T3	2	2	1.95	4035.9375
koştu	1	13	200	26	5	nar_T1	nar	T1	2	2	1.95	4035.9375
kötü	1	7	176	23	4	inf_T1	inf	T1	2	1	2	1625.86366666667
kötü	1	6	172	22	4	inf_T3	inf	T3	2	1	2	1625.86366666667
kötü	1	11	148	18	4	inf_T2	inf	T2	2	1	2	1625.86366666667
koyulmuştu	1	5	200	26	10	nar_T1	nar	T1	4	4	4.8	2427.03444444445
koyulmuştu	1	5	200	26	10	nar_T1	nar	T1	4	3	4.8	2427.03444444445
koyulmuştu	1	6	149	18	10	nar_T2	nar	T2	4	4	4.8	2427.03444444445
koyulmuştu	1	6	149	18	10	nar_T2	nar	T2	4	3	4.8	2427.03444444445
koyulmuştu	1	7	183	30	10	nar_T3	nar	T3	4	4	4.8	2427.03444444445
koyulmuştu	1	7	183	30	10	nar_T3	nar	T3	4	3	4.8	2427.03444444445
mahallede	1	4	200	26	9	nar_T1	nar	T1	4	2	3.55	4872.8715
mavi	1	5	148	18	4	inf_T2	inf	T2	2	1	1.6	5542.95133333334
mavi	1	6	176	23	4	inf_T1	inf	T1	2	1	1.6	5542.95133333334
maviden	1	5	172	22	7	inf_T3	inf	T3	3	2	2.85	3568.85466666667
merakı	1	8	149	18	6	nar_T2	nar	T2	3	2	2.35	12685.9594
merakla	1	11	149	18	7	nar_T2	nar	T2	3	2	2.4	11951.689
meraklandı	1	11	200	26	10	nar_T1	nar	T1	4	2	4.5	8338.09911111111
meraklandı	1	13	183	30	10	nar_T3	nar	T3	4	2	4.5	8338.09911111111
metrelerce	1	2	176	23	10	inf_T1	inf	T1	4	3	4.6	2950.11444444445
midye	1	17	148	18	5	inf_T2	inf	T2	2	1	1.9	2204.27475
midye	1	16	176	23	5	inf_T1	inf	T1	2	1	1.9	2204.27475
midye	1	13	172	22	5	inf_T3	inf	T3	2	1	1.9	2204.27475
mitoz	1	22	172	22	5	inf_T3	inf	T3	2	1	1.85	3296.359
miydi	1	21	183	30	5	nar_T3	nar	T3	2	2	1.95	5031.67375
miydi	1	16	200	26	5	nar_T1	nar	T1	2	2	1.95	5031.67375
mutluluk	1	3	183	30	8	nar_T3	nar	T3	3	1	2.65	1920.23514285714
mutluluk	1	2	200	26	8	nar_T1	nar	T1	3	1	2.65	1920.23514285714
mutlulukla	1	18	149	18	10	nar_T2	nar	T2	4	2	4.25	1521.63044444444
mutluluklarını	1	3	149	18	14	nar_T2	nar	T2	6	4	7.8	1057.94361538462
mutluluktan	1	25	200	26	11	nar_T1	nar	T1	4	2	5.15	1357.195
mutluluktan	1	29	183	30	11	nar_T3	nar	T3	4	2	5.15	1357.195
mutluluktan	1	15	149	18	11	nar_T2	nar	T2	4	2	5.15	1357.195
not	1	14	183	30	3	nar_T3	nar	T3	1	1	1.5	1311.64
not	1	12	200	26	3	nar_T1	nar	T1	1	1	1.5	1311.64
not	1	13	200	26	3	nar_T1	nar	T1	1	1	1.5	1311.64
not	1	17	183	30	3	nar_T3	nar	T3	1	1	1.5	1311.64
odasına	1	10	183	30	7	nar_T3	nar	T3	4	3	2.95	1062.26916666667
ödülü	1	1	200	26	5	nar_T1	nar	T1	3	2	1.9	804.77675
ödülü	1	1	183	30	5	nar_T3	nar	T3	3	2	1.9	804.77675
ödülü	1	1	149	18	5	nar_T2	nar	T2	3	2	1.9	804.77675
ödülünü	1	13	149	18	7	nar_T2	nar	T2	4	3	3.15	676.035
ödülünü	1	17	149	18	7	nar_T2	nar	T2	4	3	3.15	676.035
okul	1	1	149	18	4	nar_T2	nar	T2	2	1	1.75	1686.68066666667
okuldan	1	12	183	30	7	nar_T3	nar	T3	3	2	2.55	1348.56183333333
okuldan	1	10	200	26	7	nar_T1	nar	T1	3	2	2.55	1348.56183333333
okulları	1	4	200	26	8	nar_T1	nar	T1	4	3	3.5	2084.55371428571
okulları	1	5	149	18	8	nar_T2	nar	T2	4	3	3.5	2084.55371428571
okulları	1	5	183	30	8	nar_T3	nar	T3	4	3	3.5	2084.55371428571
olabileceğini	1	14	183	30	13	nar_T3	nar	T3	7	5	7	3747.13058333333
olabileceğini	1	12	200	26	13	nar_T1	nar	T1	7	5	7	3747.13058333333
olabilir	1	16	200	26	8	nar_T1	nar	T1	3	3	3.8	6252.80442857143
olabilir	1	16	200	26	8	nar_T1	nar	T1	4	3	3.8	6252.80442857143
olabilir	1	6	176	23	8	inf_T1	inf	T1	3	3	3.8	6252.80442857143
olabilir	1	6	176	23	8	inf_T1	inf	T1	4	3	3.8	6252.80442857143
olabilir	1	5	148	18	8	inf_T2	inf	T2	3	3	3.8	6252.80442857143
olabilir	1	5	148	18	8	inf_T2	inf	T2	4	3	3.8	6252.80442857143
olabilir	1	21	183	30	8	nar_T3	nar	T3	3	3	3.8	6252.80442857143
olabilir	1	21	183	30	8	nar_T3	nar	T3	4	3	3.8	6252.80442857143
olan	1	2	172	22	4	inf_T3	inf	T3	2	2	1.4	13354.882
olan	1	4	172	22	4	inf_T3	inf	T3	2	2	1.4	13354.882
olanlar	1	3	172	22	7	inf_T3	inf	T3	3	3	2.8	8100.51583333333
olanları	1	2	148	18	8	inf_T2	inf	T2	4	4	3.55	6947.44228571429
olanları	1	3	148	18	8	inf_T2	inf	T2	4	4	3.55	6947.44228571429
olarak	1	6	200	26	6	nar_T1	nar	T1	3	2	2.2	9296.1926
olduğu	1	4	200	26	6	nar_T1	nar	T1	3	3	2.85	6361.3146
olduğu	1	4	176	23	6	inf_T1	inf	T1	3	3	2.85	6361.3146
olduğundan	1	5	183	30	10	nar_T3	nar	T3	4	4	5.2	3561.11155555556
olduğundan	1	5	149	18	10	nar_T2	nar	T2	4	4	5.2	3561.11155555556
olmayan	1	18	172	22	7	inf_T3	inf	T3	3	3	2.95	7044.09616666667
oluşturabilirler	1	14	148	18	16	inf_T2	inf	T2	7	5	8.7	2577.08186666667
oluşturabilirler	1	9	176	23	16	inf_T1	inf	T1	7	5	8.7	2577.08186666667
oluşturan	1	22	172	22	9	inf_T3	inf	T3	4	3	4.15	4878.351625
omurgasız	1	21	172	22	9	inf_T3	inf	T3	4	2	3.9	312.862
on	1	22	176	23	2	inf_T1	inf	T1	1	1	1	797.641
on	1	4	176	23	2	inf_T1	inf	T1	1	1	1	797.641
on	1	7	148	18	2	inf_T2	inf	T2	1	1	1	797.641
on	1	3	148	18	2	inf_T2	inf	T2	1	1	1	797.641
on	1	3	172	22	2	inf_T3	inf	T3	1	1	1	797.641
ona	1	2	200	26	3	nar_T1	nar	T1	2	2	1	1496.2945
ona	1	26	200	26	3	nar_T1	nar	T1	2	2	1	1496.2945
ona	1	3	183	30	3	nar_T3	nar	T3	2	2	1	1496.2945
onarabilirler	1	8	172	22	13	inf_T3	inf	T3	6	4	6.5	952.435333333333
önce	1	2	183	30	4	nar_T3	nar	T3	2	1	1.75	4947.701
önce	1	1	200	26	4	nar_T1	nar	T1	2	1	1.75	4947.701
önce	1	21	200	26	4	nar_T1	nar	T1	2	1	1.75	4947.701
önce	1	19	200	26	4	nar_T1	nar	T1	2	1	1.75	4947.701
önceki	1	8	172	22	6	inf_T3	inf	T3	3	2	2.55	5087.2584
onlar	1	17	149	18	5	nar_T2	nar	T2	2	2	1.95	7774.88275
onlara	1	17	149	18	6	nar_T2	nar	T2	3	3	2.6	6653.692
onlara	1	15	200	26	6	nar_T1	nar	T1	3	3	2.6	6653.692
onlara	1	20	183	30	6	nar_T3	nar	T3	3	3	2.6	6653.692
onlarca	1	21	172	22	7	inf_T3	inf	T3	3	3	2.8	5327.347
onların	1	10	149	18	7	nar_T2	nar	T2	3	3	2.75	5680.835
onların	1	3	149	18	7	nar_T2	nar	T2	3	3	2.75	5680.835
onu	1	12	183	30	3	nar_T3	nar	T3	2	2	1.55	655.98
ot	1	16	148	18	2	inf_T2	inf	T2	1	1	1	1573.134
ot	1	14	176	23	2	inf_T1	inf	T1	1	1	1	1573.134
öte	1	19	172	22	3	inf_T3	inf	T3	2	1	1.6	690.869
otobur	1	11	172	22	6	inf_T3	inf	T3	3	1	2.45	889.2122
otuz	1	22	176	23	4	inf_T1	inf	T1	2	1	1.8	770.363
otuz	1	7	148	18	4	inf_T2	inf	T2	2	1	1.8	770.363
otuz	1	3	148	18	4	inf_T2	inf	T2	2	1	1.8	770.363
oyun	1	27	183	30	4	nar_T3	nar	T3	2	1	1.55	2603.324
oyun	1	23	200	26	4	nar_T1	nar	T1	2	1	1.55	2603.324
özelliği	1	10	176	23	8	inf_T1	inf	T1	4	2	3.6	2316.46257142857
özelliği	1	14	148	18	8	inf_T2	inf	T2	4	2	3.6	2316.46257142857
özelliğine	1	7	176	23	10	inf_T1	inf	T1	5	3	4.95	1806.85444444444
parçaları	1	14	148	18	9	inf_T2	inf	T2	4	3	3.4	6844.642375
parçaların	1	8	172	22	10	inf_T3	inf	T3	4	3	3.85	6084.61622222222
parçalarıyla	1	16	172	22	12	inf_T3	inf	T3	5	4	5.4	4978.39927272727
parçanın	1	14	148	18	8	inf_T2	inf	T2	3	2	2.85	7804.32571428572
parçanın	1	9	176	23	8	inf_T1	inf	T1	3	2	2.85	7804.32571428572
pembe	1	5	148	18	5	inf_T2	inf	T2	2	1	2	2865.71
pembe	1	6	176	23	5	inf_T1	inf	T1	2	1	2	2865.71
pembeden	1	5	172	22	8	inf_T3	inf	T3	3	2	3.25	1916.32985714286
rejenerasyon	1	8	172	22	12	inf_T3	inf	T3	5	1	4.55	1867.95272727273
rengi	1	6	176	23	5	inf_T1	inf	T1	2	2	1.85	7581.1225
renklerde	1	5	172	22	9	inf_T3	inf	T3	3	3	3.8	4452.042875
renklerde	1	6	176	23	9	inf_T1	inf	T1	3	3	3.8	4452.042875
renkleri	1	5	148	18	8	inf_T2	inf	T2	3	3	3.15	5189.82657142857
sabırsızlanıyordu	1	13	149	18	17	nar_T2	nar	T2	7	3	9.6	2062.39775
sabırsızlıkla	1	5	200	26	13	nar_T1	nar	T1	5	2	5.35	2774.58358333333
sabırsızlıkla	1	6	149	18	13	nar_T2	nar	T2	5	2	5.35	2774.58358333333
sabırsızlıkla	1	7	183	30	13	nar_T3	nar	T3	5	2	5.35	2774.58358333333
sahiplerdir	1	7	176	23	11	inf_T1	inf	T1	4	3	5.15	4147.5893
sahne	1	19	200	26	5	nar_T1	nar	T1	2	1	1.75	8145.846
salgıları	1	6	172	22	9	inf_T3	inf	T3	4	3	3.4	6276.291625
salgılarlar	1	11	148	18	11	inf_T2	inf	T2	3	3	4.85	5036.7434
salgılayarak	1	7	176	23	12	inf_T1	inf	T1	5	2	5.75	4571.33727272727
sanki	1	25	183	30	5	nar_T3	nar	T3	2	1	1.95	10030.55625
sanki	1	21	200	26	5	nar_T1	nar	T1	2	1	1.95	10030.55625
sarıldılar	1	18	149	18	10	nar_T2	nar	T2	4	3	4.15	6782.485
sarılışını	1	2	200	26	10	nar_T1	nar	T1	5	4	4.4	6977.41355555556
sarılışını	1	2	200	26	10	nar_T1	nar	T1	5	3	4.4	6977.41355555556
sarılışını	1	3	183	30	10	nar_T3	nar	T3	5	4	4.4	6977.41355555556
sarılışını	1	3	183	30	10	nar_T3	nar	T3	5	3	4.4	6977.41355555556
şaşkınlık	1	15	149	18	9	nar_T2	nar	T2	3	1	2.55	3582.557125
şaşkınlık	1	25	200	26	9	nar_T1	nar	T1	3	1	2.55	3582.557125
şaşkınlık	1	29	183	30	9	nar_T3	nar	T3	3	1	2.55	3582.557125
savunabilirler	1	6	172	22	14	inf_T3	inf	T3	6	4	6.75	2719.03192307692
savunmak	1	8	176	23	8	inf_T1	inf	T1	3	2	3	5225.57157142857
savunmak	1	13	148	18	8	inf_T2	inf	T2	3	2	3	5225.57157142857
sayesinde	1	18	176	23	9	inf_T1	inf	T1	4	3	3.85	4995.165
sayesinde	1	8	172	22	9	inf_T3	inf	T3	4	3	3.85	4995.165
sayesinde	1	17	176	23	9	inf_T1	inf	T1	4	3	3.85	4995.165
şekilde	1	20	200	26	7	nar_T1	nar	T1	3	2	2.7	5245.68233333334
semtte	1	5	183	30	6	nar_T3	nar	T3	2	2	2.75	4076.3274
semtte	1	5	149	18	6	nar_T2	nar	T2	2	2	2.75	4076.3274
sert	1	15	172	22	4	inf_T3	inf	T3	1	1	1.15	16130.3023333333
sert	1	18	148	18	4	inf_T2	inf	T2	1	1	1.15	16130.3023333333
sert	1	18	176	23	4	inf_T1	inf	T1	1	1	1.15	16130.3023333333
sessizdi	1	7	149	18	8	nar_T2	nar	T2	3	2	3.55	3195.60071428571
sessizdi	1	8	183	30	8	nar_T3	nar	T3	3	2	3.55	3195.60071428571
sessizdi	1	6	200	26	8	nar_T1	nar	T1	3	2	3.55	3195.60071428571
sevinçle	1	17	149	18	8	nar_T2	nar	T2	3	2	2.75	4049.65814285714
seviyordu	1	18	200	26	9	nar_T1	nar	T1	4	3	4.75	3004.640875
seviyordu	1	23	183	30	9	nar_T3	nar	T3	4	3	4.75	3004.640875
şiir	1	1	200	26	4	nar_T1	nar	T1	1	1	1.85	1891.34233333333
şiir	1	1	183	30	4	nar_T3	nar	T3	1	1	1.85	1891.34233333333
şiir	1	1	149	18	4	nar_T2	nar	T2	1	1	1.85	1891.34233333333
şimdi	1	21	200	26	5	nar_T1	nar	T1	2	1	2	3499.72675
şimdi	1	25	200	26	5	nar_T1	nar	T1	2	1	2	3499.72675
şimdi	1	12	149	18	5	nar_T2	nar	T2	2	1	2	3499.72675
şimdi	1	25	183	30	5	nar_T3	nar	T3	2	1	2	3499.72675
sinir	1	18	172	22	5	inf_T3	inf	T3	2	1	1.75	7379.11975
sistemleri	1	18	172	22	10	inf_T3	inf	T3	4	3	3.95	3237.95022222222
sıcak	1	1	172	22	5	inf_T3	inf	T3	2	1	1.95	3825.762
sıcak	1	1	176	23	5	inf_T1	inf	T1	2	1	1.95	3825.762
sıcak	1	1	148	18	5	inf_T2	inf	T2	2	1	1.95	3825.762
sımsıkı	1	3	183	30	7	nar_T3	nar	T3	3	1	3.1	1546.6765
sımsıkı	1	2	200	26	7	nar_T1	nar	T1	3	1	3.1	1546.6765
sıra	1	8	176	23	4	inf_T1	inf	T1	2	1	1.05	8744.86766666667
sıra	1	13	148	18	4	inf_T2	inf	T2	2	1	1.05	8744.86766666667
sıvı	1	11	148	18	4	inf_T2	inf	T2	2	1	1.6	1616.68
sıvı	1	7	176	23	4	inf_T1	inf	T1	2	1	1.6	1616.68
sıvı	1	12	148	18	4	inf_T2	inf	T2	2	1	1.6	1616.68
soğuk	1	1	176	23	5	inf_T1	inf	T1	2	1	1.65	5066.44175
soğuk	1	1	148	18	5	inf_T2	inf	T2	2	1	1.65	5066.44175
soğuk	1	1	172	22	5	inf_T3	inf	T3	2	1	1.65	5066.44175
sonra	1	15	172	22	5	inf_T3	inf	T3	2	1	1.75	8282.5825
sordu	1	14	200	26	5	nar_T1	nar	T1	2	2	1.85	6041.61425
sordu	1	10	149	18	5	nar_T2	nar	T2	2	2	1.85	6041.61425
sordu	1	19	183	30	5	nar_T3	nar	T3	2	2	1.85	6041.61425
sümüksü	1	11	148	18	7	inf_T2	inf	T2	3	1	2.65	1951.9205
sümüksü	1	7	176	23	7	inf_T1	inf	T1	3	1	2.65	1951.9205
sürede	1	11	176	23	6	inf_T1	inf	T1	3	2	2.3	6074.4816
süreliğine	1	15	183	30	10	nar_T3	nar	T3	5	3	4.75	4542.39044444445
süreliğine	1	15	183	30	10	nar_T3	nar	T3	5	4	4.75	4542.39044444445
süreliğine	1	12	200	26	10	nar_T1	nar	T1	5	3	4.75	4542.39044444445
süreliğine	1	12	200	26	10	nar_T1	nar	T1	5	4	4.75	4542.39044444445
sürpriz	1	2	149	18	7	nar_T2	nar	T2	2	1	3.4	2536.251
sürpriz	1	30	183	30	7	nar_T3	nar	T3	2	1	3.4	2536.251
sürpriz	1	16	149	18	7	nar_T2	nar	T2	2	1	3.4	2536.251
sürpriz	1	26	200	26	7	nar_T1	nar	T1	2	1	3.4	2536.251
tarafındadır	1	19	176	23	12	inf_T1	inf	T1	5	4	5.7	6612.26590909091
tarafındadır	1	15	148	18	12	inf_T2	inf	T2	5	4	5.7	6612.26590909091
tarafındaki	1	15	172	22	11	inf_T3	inf	T3	5	4	5.1	7274.1014
tebrik	1	17	149	18	6	nar_T2	nar	T2	2	1	1.85	4068.6124
tedirgin	1	20	200	26	8	nar_T1	nar	T1	3	1	2.9	4380.07457142857
tehlikeli	1	7	176	23	9	inf_T1	inf	T1	4	1	3.35	3283.29375
tehlikeli	1	11	148	18	9	inf_T2	inf	T2	4	1	3.35	3283.29375
tehlikeyi	1	6	172	22	9	inf_T3	inf	T3	4	2	3.5	3060.234125
tembel	1	12	176	23	6	inf_T1	inf	T1	2	1	1.95	4538.1642
tepkiyi	1	3	183	30	7	nar_T3	nar	T3	3	2	2.65	3318.03133333333
tepkiyi	1	3	149	18	7	nar_T2	nar	T2	3	2	2.65	3318.03133333333
tepkiyi	1	2	200	26	7	nar_T1	nar	T1	3	2	2.65	3318.03133333333
terliklerini	1	14	200	26	12	nar_T1	nar	T1	5	4	5.45	5449.703
terliklerini	1	18	183	30	12	nar_T3	nar	T3	5	4	5.45	5449.703
tıpkı	1	12	176	23	5	inf_T1	inf	T1	2	1	2	764.687
tropikal	1	1	172	22	8	inf_T3	inf	T3	4	1	3.75	1120.47557142857
tropikal	1	1	176	23	8	inf_T1	inf	T1	4	1	3.75	1120.47557142857
türleri	1	13	176	23	7	inf_T1	inf	T1	3	3	2.9	6042.77816666667
türleri	1	4	148	18	7	inf_T2	inf	T2	3	3	2.9	6042.77816666667
türleri	1	10	148	18	7	inf_T2	inf	T2	3	3	2.9	6042.77816666667
türleri	1	4	172	22	7	inf_T3	inf	T3	3	3	2.9	6042.77816666667
türüdür	1	21	172	22	7	inf_T3	inf	T3	3	2	2.95	2295.18183333333
turuncu	1	5	148	18	7	inf_T2	inf	T2	3	1	2.4	5940.9205
turuncu	1	6	176	23	7	inf_T1	inf	T1	3	1	2.4	5940.9205
turuncuya	1	5	172	22	9	inf_T3	inf	T3	4	2	3.8	4500.50975
tutarlar	1	18	148	18	8	inf_T2	inf	T2	3	3	2.75	6051.76657142857
tutarlar	1	18	176	23	8	inf_T1	inf	T1	3	3	2.75	6051.76657142857
ulaşırlar	1	17	176	23	9	inf_T1	inf	T1	4	3	3.95	1765.375125
umutla	1	16	183	30	6	nar_T3	nar	T3	3	2	2	1788.7762
umutla	1	13	200	26	6	nar_T1	nar	T1	3	2	2	1788.7762
üretmeye	1	26	183	30	8	nar_T3	nar	T3	4	3	3.8	1131.32114285714
üretmeye	1	22	200	26	8	nar_T1	nar	T1	4	3	3.8	1131.32114285714
üzerinde	1	12	200	26	8	nar_T1	nar	T1	4	2	3.3	2035.43757142857
üzerinde	1	14	183	30	8	nar_T3	nar	T3	4	2	3.3	2035.43757142857
üzerinde	1	22	200	26	8	nar_T1	nar	T1	4	2	3.3	2035.43757142857
üzerinde	1	26	183	30	8	nar_T3	nar	T3	4	2	3.3	2035.43757142857
uzun	1	2	183	30	4	nar_T3	nar	T3	2	1	1.8	1784.81433333333
uzun	1	1	200	26	4	nar_T1	nar	T1	2	1	1.8	1784.81433333333
uzuvlar	1	8	172	22	7	inf_T3	inf	T3	3	2	3	1891.29516666667
vakit	1	12	149	18	5	nar_T2	nar	T2	2	1	1.7	7351.5265
vakit	1	21	200	26	5	nar_T1	nar	T1	2	1	1.7	7351.5265
vakit	1	25	183	30	5	nar_T3	nar	T3	2	1	1.7	7351.5265
vantuzlar	1	18	176	23	9	inf_T1	inf	T1	3	2	3.85	3083.8615
vardır	1	20	176	23	6	inf_T1	inf	T1	2	2	1.9	9150.0624
vardır	1	14	148	18	6	inf_T2	inf	T2	2	2	1.9	9150.0624
vardır	1	6	148	18	6	inf_T2	inf	T2	2	2	1.9	9150.0624
vardır	1	4	176	23	6	inf_T1	inf	T1	2	2	1.9	9150.0624
vardır	1	10	176	23	6	inf_T1	inf	T1	2	2	1.9	9150.0624
vardır	1	10	148	18	6	inf_T2	inf	T2	2	2	1.9	9150.0624
vardır	1	19	172	22	6	inf_T3	inf	T3	2	2	1.9	9150.0624
vardır	1	3	148	18	6	inf_T2	inf	T2	2	2	1.9	9150.0624
vardır	1	13	176	23	6	inf_T1	inf	T1	2	2	1.9	9150.0624
vardır	1	4	172	22	6	inf_T3	inf	T3	2	2	1.9	9150.0624
vardır	1	18	172	22	6	inf_T3	inf	T3	2	2	1.9	9150.0624
ve	1	16	176	23	2	inf_T1	inf	T1	1	1	1.45	35850.197
ve	1	8	183	30	2	nar_T3	nar	T3	1	1	1.45	35850.197
ve	1	25	200	26	2	nar_T1	nar	T1	1	1	1.45	35850.197
ve	1	29	183	30	2	nar_T3	nar	T3	1	1	1.45	35850.197
ve	1	6	172	22	2	inf_T3	inf	T3	1	1	1.45	35850.197
ve	1	3	172	22	2	inf_T3	inf	T3	1	1	1.45	35850.197
ve	1	17	148	18	2	inf_T2	inf	T2	1	1	1.45	35850.197
ve	1	1	148	18	2	inf_T2	inf	T2	1	1	1.45	35850.197
ve	1	16	149	18	2	nar_T2	nar	T2	1	1	1.45	35850.197
ve	1	5	148	18	2	inf_T2	inf	T2	1	1	1.45	35850.197
ve	1	15	172	22	2	inf_T3	inf	T3	1	1	1.45	35850.197
ve	1	5	149	18	2	nar_T2	nar	T2	1	1	1.45	35850.197
ve	1	18	148	18	2	inf_T2	inf	T2	1	1	1.45	35850.197
ve	1	28	183	30	2	nar_T3	nar	T3	1	1	1.45	35850.197
ve	1	24	200	26	2	nar_T1	nar	T1	1	1	1.45	35850.197
ve	1	22	172	22	2	inf_T3	inf	T3	1	1	1.45	35850.197
ve	1	3	183	30	2	nar_T3	nar	T3	1	1	1.45	35850.197
ve	1	15	149	18	2	nar_T2	nar	T2	1	1	1.45	35850.197
ve	1	13	149	18	2	nar_T2	nar	T2	1	1	1.45	35850.197
ve	1	5	183	30	2	nar_T3	nar	T3	1	1	1.45	35850.197
ve	1	9	149	18	2	nar_T2	nar	T2	1	1	1.45	35850.197
ve	1	2	149	18	2	nar_T2	nar	T2	1	1	1.45	35850.197
ve	1	3	149	18	2	nar_T2	nar	T2	1	1	1.45	35850.197
ve	1	2	200	26	2	nar_T1	nar	T1	1	1	1.45	35850.197
ve	1	14	149	18	2	nar_T2	nar	T2	1	1	1.45	35850.197
vereceği	1	3	183	30	8	nar_T3	nar	T3	4	3	3.4	12573.7224285714
vereceği	1	3	149	18	8	nar_T2	nar	T2	4	3	3.4	12573.7224285714
vereceği	1	2	200	26	8	nar_T1	nar	T1	4	3	3.4	12573.7224285714
vermemişti	1	20	183	30	10	nar_T3	nar	T3	4	4	4.75	8624.57522222222
vermemişti	1	15	200	26	10	nar_T1	nar	T1	4	4	4.75	8624.57522222222
vücut	1	16	172	22	5	inf_T3	inf	T3	2	1	2.4	1068.70625
vücutlarının	1	15	148	18	12	inf_T2	inf	T2	5	4	6.85	1193.25881818182
vücutlarının	1	14	148	18	12	inf_T2	inf	T2	5	4	6.85	1193.25881818182
vücutlarının	1	19	176	23	12	inf_T1	inf	T1	5	4	6.85	1193.25881818182
vücutlarının	1	10	176	23	12	inf_T1	inf	T1	5	4	6.85	1193.25881818182
vücutlarının	1	8	176	23	12	inf_T1	inf	T1	5	4	6.85	1193.25881818182
vücutlarının	1	13	148	18	12	inf_T2	inf	T2	5	4	6.85	1193.25881818182
vücutlarının	1	7	172	22	12	inf_T3	inf	T3	5	4	6.85	1193.25881818182
ya	1	6	176	23	2	inf_T1	inf	T1	1	1	1	36103.194
ya	1	3	148	18	2	inf_T2	inf	T2	1	1	1	36103.194
ya	1	1	176	23	2	inf_T1	inf	T1	1	1	1	36103.194
yakalarlar	1	15	172	22	10	inf_T3	inf	T3	4	3	3.95	7930.38533333334
yandan	1	19	172	22	6	inf_T3	inf	T3	2	2	1.85	13438.577
yandan	1	3	172	22	6	inf_T3	inf	T3	2	2	1.85	13438.577
yanı	1	13	148	18	4	inf_T2	inf	T2	2	1	1	18378.4406666667
yanı	1	13	148	18	4	inf_T2	inf	T2	2	2	1	18378.4406666667
yanı	1	8	176	23	4	inf_T1	inf	T1	2	1	1	18378.4406666667
yanı	1	8	176	23	4	inf_T1	inf	T1	2	2	1	18378.4406666667
yapacaktı	1	2	149	18	9	nar_T2	nar	T2	4	3	3.75	6990.74725
yapısıyla	1	18	148	18	9	inf_T2	inf	T2	4	3	3.8	6695.83475
yapışkan	1	6	172	22	8	inf_T3	inf	T3	3	1	2.7	9139.87485714286
yapışkan	1	18	148	18	8	inf_T2	inf	T2	3	1	2.7	9139.87485714286
yapışkan	1	11	148	18	8	inf_T2	inf	T2	3	1	2.7	9139.87485714286
yapmışlardı	1	16	149	18	11	nar_T2	nar	T2	4	4	5.5	5369.9551
yapmışlardı	1	26	200	26	11	nar_T1	nar	T1	4	4	5.5	5369.9551
yapmışlardı	1	30	183	30	11	nar_T3	nar	T3	4	4	5.5	5369.9551
yarışmasında	1	1	149	18	12	nar_T2	nar	T2	5	4	5.4	7630.89627272727
yarışmasında	1	1	149	18	12	nar_T2	nar	T2	5	3	5.4	7630.89627272727
yarışmasında	1	1	183	30	12	nar_T3	nar	T3	5	4	5.4	7630.89627272727
yarışmasında	1	1	183	30	12	nar_T3	nar	T3	5	3	5.4	7630.89627272727
yarışmasında	1	1	200	26	12	nar_T1	nar	T1	5	4	5.4	7630.89627272727
yarışmasında	1	1	200	26	12	nar_T1	nar	T1	5	3	5.4	7630.89627272727
yaşar	1	22	176	23	5	inf_T1	inf	T1	2	2	1.5	18700.62775
yaşarlar	1	7	148	18	8	inf_T2	inf	T2	3	3	2.8	12461.4348571429
yaşarlar	1	13	172	22	8	inf_T3	inf	T3	3	3	2.8	12461.4348571429
yaşayabilen	1	1	172	22	11	inf_T3	inf	T3	5	3	5.8	6196.4675
yaşayabilen	1	1	148	18	11	inf_T2	inf	T2	5	3	5.8	6196.4675
yaşayabilen	1	1	176	23	11	inf_T1	inf	T1	5	3	5.8	6196.4675
yaşayabilirler	1	2	176	23	14	inf_T1	inf	T1	6	4	6.9	4766.73161538462
yaşayabilirler	1	2	172	22	14	inf_T3	inf	T3	6	4	6.9	4766.73161538462
yavaş	1	9	148	18	5	inf_T2	inf	T2	2	1	1.7	12331.49725
yavaş	1	12	176	23	5	inf_T1	inf	T1	2	1	1.7	12331.49725
yavaşlamıştı	1	25	183	30	12	nar_T3	nar	T3	5	4	5.7	5194.50672727273
yavaşlamıştı	1	25	183	30	12	nar_T3	nar	T3	5	3	5.7	5194.50672727273
yavaşlamıştı	1	21	200	26	12	nar_T1	nar	T1	5	4	5.7	5194.50672727273
yavaşlamıştı	1	21	200	26	12	nar_T1	nar	T1	5	3	5.7	5194.50672727273
yavaştı	1	12	149	18	7	nar_T2	nar	T2	3	2	2.6	8383.78383333334
yavrular	1	22	172	22	8	inf_T3	inf	T3	3	2	2.95	7838.33757142857
yedi	1	4	176	23	4	inf_T1	inf	T1	2	1	1.7	6429.571
yedi	1	3	148	18	4	inf_T2	inf	T2	2	1	1.7	6429.571
yedi	1	3	172	22	4	inf_T3	inf	T3	2	1	1.7	6429.571
yemezler	1	14	176	23	8	inf_T1	inf	T1	3	3	3	3749.58471428571
yemezler	1	16	148	18	8	inf_T2	inf	T2	3	3	3	3749.58471428571
yengeç	1	13	172	22	6	inf_T3	inf	T3	2	1	2.05	7330.963
yengeç	1	16	176	23	6	inf_T1	inf	T1	2	1	2.05	7330.963
yengeç	1	17	148	18	6	inf_T2	inf	T2	2	1	2.05	7330.963
yeni	1	14	148	18	4	inf_T2	inf	T2	2	1	1.4	13210.056
yeni	1	8	172	22	4	inf_T3	inf	T3	2	1	1.4	13210.056
yenileme	1	14	148	18	8	inf_T2	inf	T2	4	2	2.75	7357.40028571429
yenileme	1	10	176	23	8	inf_T1	inf	T1	4	2	2.75	7357.40028571429
yenisini	1	9	176	23	8	inf_T1	inf	T1	4	3	3.4	6374.75842857143
yere	1	10	200	26	4	nar_T1	nar	T1	2	2	1.25	19551.5113333333
yere	1	12	183	30	4	nar_T3	nar	T3	2	2	1.25	19551.5113333333
yerine	1	8	172	22	6	inf_T3	inf	T3	3	3	1.9	11610.346
yerine	1	9	176	23	6	inf_T1	inf	T1	3	3	1.9	11610.346
yerine	1	14	148	18	6	inf_T2	inf	T2	3	3	1.9	11610.346
yerler	1	16	176	23	6	inf_T1	inf	T1	2	2	1.95	13439.7174
yerler	1	18	148	18	6	inf_T2	inf	T2	2	2	1.95	13439.7174
yerler	1	18	176	23	6	inf_T1	inf	T1	2	2	1.95	13439.7174
yetenekleri	1	8	172	22	11	inf_T3	inf	T3	5	3	4.6	4164.6009
yine	1	19	183	30	4	nar_T3	nar	T3	2	1	1.75	6242.76633333334
yine	1	14	200	26	4	nar_T1	nar	T1	2	1	1.75	6242.76633333334
yiyerek	1	13	172	22	7	inf_T3	inf	T3	3	2	2.85	3896.111
yıl	1	7	148	18	3	inf_T2	inf	T2	1	1	1.6	6643.0665
yıl	1	21	172	22	3	inf_T3	inf	T3	1	1	1.6	6643.0665
yıl	1	22	176	23	3	inf_T1	inf	T1	1	1	1.6	6643.0665
yıldızı	1	3	176	23	7	inf_T1	inf	T1	3	2	2.35	3244.39016666667
yıldızı	1	2	148	18	7	inf_T2	inf	T2	3	2	2.35	3244.39016666667
yıldızı	1	22	176	23	7	inf_T1	inf	T1	3	2	2.35	3244.39016666667
yıldızları	1	1	172	22	10	inf_T3	inf	T3	4	3	3.8	2277.15611111111
yıldızları	1	1	176	23	10	inf_T1	inf	T1	4	3	3.8	2277.15611111111
yıldızları	1	1	148	18	10	inf_T2	inf	T2	4	3	3.8	2277.15611111111
yıldızları	1	23	176	23	10	inf_T1	inf	T1	4	3	3.8	2277.15611111111
yıldızları	1	5	172	22	10	inf_T3	inf	T3	4	3	3.8	2277.15611111111
yıldızları	1	21	172	22	10	inf_T3	inf	T3	4	3	3.8	2277.15611111111
yıldızları	1	2	176	23	10	inf_T1	inf	T1	4	3	3.8	2277.15611111111
yıldızları	1	22	172	22	10	inf_T3	inf	T3	4	3	3.8	2277.15611111111
yıldızları	1	7	176	23	10	inf_T1	inf	T1	4	3	3.8	2277.15611111111
yıldızları	1	14	176	23	10	inf_T1	inf	T1	4	3	3.8	2277.15611111111
yıldızları	1	3	176	23	10	inf_T1	inf	T1	4	3	3.8	2277.15611111111
yıldızları	1	9	148	18	10	inf_T2	inf	T2	4	3	3.8	2277.15611111111
yıldızları	1	11	172	22	10	inf_T3	inf	T3	4	3	3.8	2277.15611111111
yıldızları	1	4	176	23	10	inf_T1	inf	T1	4	3	3.8	2277.15611111111
yıldızlarının	1	15	148	18	13	inf_T2	inf	T2	5	4	6.3	1708.03858333333
yıldızlarının	1	5	148	18	13	inf_T2	inf	T2	5	4	6.3	1708.03858333333
yıldızlarının	1	6	176	23	13	inf_T1	inf	T1	5	4	6.3	1708.03858333333
yoktu	1	11	149	18	5	nar_T2	nar	T2	2	2	1.85	4310.76125
yoktu	1	9	183	30	5	nar_T3	nar	T3	2	2	1.85	4310.76125
yoktu	1	10	149	18	5	nar_T2	nar	T2	2	2	1.85	4310.76125
yoktu	1	7	200	26	5	nar_T1	nar	T1	2	2	1.85	4310.76125
yoktur	1	20	176	23	6	inf_T1	inf	T1	2	2	2.2	3797.2964
yoktur	1	6	148	18	6	inf_T2	inf	T2	2	2	2.2	3797.2964
yol	1	5	200	26	3	nar_T1	nar	T1	1	1	1	7497.735
yol	1	6	183	30	3	nar_T3	nar	T3	1	1	1	7497.735
yola	1	5	200	26	4	nar_T1	nar	T1	2	2	1.5	8234.663
yola	1	6	149	18	4	nar_T2	nar	T2	2	2	1.5	8234.663
yola	1	7	183	30	4	nar_T3	nar	T3	2	2	1.5	8234.663
yolun	1	1	200	26	5	nar_T1	nar	T1	2	2	1.85	6697.79575
yolunda	1	12	149	18	7	nar_T2	nar	T2	3	3	2.9	5296.46683333333
yolunda	1	25	183	30	7	nar_T3	nar	T3	3	3	2.9	5296.46683333333
yolunun	1	2	183	30	7	nar_T3	nar	T3	3	3	2.9	4479.59083333333
yönleri	1	21	176	23	7	inf_T1	inf	T1	3	3	2.9	5875.01083333333
yumuşak	1	18	176	23	7	inf_T1	inf	T1	3	1	2.65	1424.28233333333
yumuşak	1	16	172	22	7	inf_T3	inf	T3	3	1	2.65	1424.28233333333
yumuşak	1	18	148	18	7	inf_T2	inf	T2	3	1	2.65	1424.28233333333
yürüyerek	1	5	149	18	9	nar_T2	nar	T2	4	2	4.55	2649.577625
yürüyerek	1	4	200	26	9	nar_T1	nar	T1	4	2	4.55	2649.577625
yürüyerek	1	5	183	30	9	nar_T3	nar	T3	4	2	4.55	2649.577625
yüzlerini	1	24	200	26	9	nar_T1	nar	T1	4	4	3.8	4803.073625
yüzlerini	1	28	183	30	9	nar_T3	nar	T3	4	4	3.8	4803.073625
zaman	1	12	149	18	5	nar_T2	nar	T2	2	1	1.75	8259.78175
zaman	1	21	200	26	5	nar_T1	nar	T1	2	1	1.75	8259.78175
zaman	1	22	200	26	5	nar_T1	nar	T1	2	1	1.75	8259.78175
zaman	1	25	183	30	5	nar_T3	nar	T3	2	1	1.75	8259.78175
zaman	1	7	172	22	5	inf_T3	inf	T3	2	1	1.75	8259.78175
zaman	1	26	183	30	5	nar_T3	nar	T3	2	1	1.75	8259.78175
zamanda	1	8	172	22	7	inf_T3	inf	T3	3	2	2.35	6337.79083333334
zamankinden	1	6	200	26	11	nar_T1	nar	T1	4	3	5.2	3390.9063
zamankinden	1	7	149	18	11	nar_T2	nar	T2	4	3	5.2	3390.9063
zamankinden	1	8	183	30	11	nar_T3	nar	T3	4	3	5.2	3390.9063
